100 3712
83 88 85
63 88 84
22 7 39
85 98 41
80 83 8
35 56 23
85 16 8
77 79 38
96 83 42
43 71 85
86 45 3
78 20 13
55 99 22
7 56 69
40 51 83
49 69 95
90 48 98
59 9 7
43 22 85
34 2 1
15 99 49
16 96 68
73 6 97
67 57 66
27 78 93
78 13 9
47 22 26
38 96 98
71 53 37
13 94 58
77 22 33
0 19 77
38 92 64
27 11 39
12 47 14
95 19 66
51 82 5
95 50 53
17 19 54
36 93 72
50 47 16
70 9 83
61 55 12
54 73 95
80 90 2
65 99 47
81 12 51
80 6 39
72 43 80
63 95 77
22 74 83
36 59 51
84 27 28
43 84 9
59 31 7
35 33 30
14 39 48
58 61 91
92 74 98
98 78 9
12 68 50
20 11 87
16 85 44
2 77 92
95 71 89
87 66 77
37 10 75
76 26 53
35 77 72
4 52 28
92 91 43
38 97 48
94 27 50
74 13 58
12 50 37
88 68 91
33 12 36
67 58 15
35 90 47
71 9 64
42 72 45
99 53 61
88 47 68
49 50 71
73 6 87
35 94 17
10 1 8
22 49 3
55 32 43
16 49 99
46 45 56
0 15 97
77 22 23
67 40 3
57 83 38
37 83 37
37 61 98
53 17 8
89 55 100
33 36 20
69 89 36
19 54 94
68 18 44
51 8 46
58 29 35
5 10 76
67 27 69
5 97 44
65 53 65
28 64 65
29 33 46
1 3 95
86 4 54
50 17 20
35 59 37
5 57 7
94 99 52
76 26 66
16 20 76
64 28 8
73 15 33
58 3 18
0 98 72
96 68 1
25 58 3
79 82 44
92 33 51
96 77 86
35 9 72
44 42 27
74 8 78
72 8 85
61 9 7
47 46 57
92 66 84
46 17 56
3 95 99
15 90 88
77 33 51
22 63 36
14 20 24
70 65 94
57 10 66
36 8 80
25 95 42
82 96 36
40 78 80
98 97 97
65 0 35
65 63 91
3 73 53
90 67 28
80 24 60
53 77 7
33 4 22
97 0 52
20 46 76
92 4 1
0 93 7
97 98 66
1 0 75
15 69 6
60 86 57
53 39 17
98 12 31
59 21 46
49 23 80
85 96 74
88 92 65
4 36 51
26 41 79
51 68 50
10 74 67
49 41 97
16 51 18
26 93 89
0 76 39
93 55 55
49 5 31
31 38 63
72 38 89
33 61 39
3 67 99
75 85 75
59 23 91
33 73 13
83 46 17
35 24 69
72 73 83
10 91 12
4 72 95
99 42 55
17 74 91
13 75 2
56 48 79
11 94 78
94 7 44
62 31 97
12 33 36
99 22 82
57 50 93
39 97 23
95 83 7
33 18 55
89 36 90
9 94 28
63 79 54
12 15 24
9 86 24
39 46 57
69 5 45
40 16 95
11 72 37
73 54 71
26 61 6
2 51 56
18 9 62
21 46 91
8 35 33
98 61 21
0 3 67
23 24 64
90 30 100
38 28 14
62 96 54
68 46 50
41 65 41
3 66 3
12 53 28
98 0 10
1 87 33
90 54 84
14 90 87
81 68 24
7 29 26
74 99 83
45 19 15
15 83 16
13 97 2
16 17 95
53 80 44
1 66 95
20 95 43
32 89 67
93 75 23
2 38 94
64 95 42
40 16 72
95 93 70
68 38 87
63 84 2
75 57 3
16 68 33
39 9 8
91 90 96
32 94 38
47 70 93
73 95 85
11 10 75
53 21 79
62 81 88
53 54 27
33 40 91
49 8 31
10 31 73
16 55 99
71 77 12
69 85 23
68 46 63
51 24 11
67 97 85
63 86 47
15 90 32
43 5 64
96 55 47
29 83 4
37 93 44
83 59 67
10 95 93
11 71 26
56 90 7
85 67 99
35 47 20
0 2 56
38 8 53
82 77 3
93 97 24
60 91 80
99 72 45
71 49 71
78 16 88
85 16 53
44 68 37
54 12 32
51 22 59
21 81 2
38 57 31
99 36 91
34 9 49
66 15 24
9 59 32
2 5 15
44 15 30
59 40 3
88 92 9
93 40 20
33 62 92
74 16 39
73 59 32
37 92 56
16 98 74
5 85 4
70 75 96
79 50 54
32 10 57
77 55 27
0 49 29
98 36 39
88 94 55
44 82 56
46 36 26
47 64 68
72 92 4
58 49 63
49 96 13
93 84 62
30 91 50
64 10 74
67 72 10
35 22 89
58 64 48
93 24 47
72 31 30
88 64 68
58 32 95
67 33 18
97 53 15
21 36 93
13 38 64
38 32 100
98 94 21
77 92 35
51 95 25
25 16 56
39 11 44
4 47 18
18 42 62
11 74 49
38 66 92
67 58 47
80 49 46
4 10 99
76 50 69
69 29 81
36 82 80
51 6 32
23 77 78
87 12 30
36 7 49
97 6 61
77 94 80
98 89 27
57 65 52
27 77 6
59 13 4
7 84 50
26 53 95
79 15 45
29 0 81
69 30 18
91 7 65
87 80 57
17 73 83
29 77 41
15 54 77
91 70 84
82 49 16
9 99 58
38 37 42
13 30 36
34 11 85
96 87 83
9 90 95
65 55 62
71 32 93
32 50 83
84 50 97
4 94 75
71 63 80
0 40 50
12 8 85
89 68 79
10 74 37
83 89 56
4 23 51
28 93 52
30 38 28
71 33 57
42 47 33
43 10 2
77 23 33
15 48 38
59 84 41
94 62 58
38 52 63
6 17 92
8 12 6
72 94 76
23 95 81
74 66 7
95 66 32
79 72 40
4 21 99
19 39 15
20 28 54
3 85 59
1 85 66
58 55 74
76 19 72
30 35 80
13 18 75
27 79 70
30 70 74
8 18 58
99 55 49
7 61 51
3 97 69
25 88 70
1 57 3
56 53 69
4 78 80
17 29 31
47 43 97
14 39 83
12 4 64
90 61 21
86 2 30
68 53 23
32 69 51
20 59 19
67 96 41
92 42 37
16 78 40
27 88 47
18 20 10
58 91 4
73 14 90
76 9 35
54 37 41
28 81 32
93 43 5
28 44 1
0 70 32
27 15 62
42 12 29
92 39 4
70 87 50
90 39 11
39 29 64
70 27 5
4 98 35
64 94 11
57 95 11
0 51 55
28 32 32
22 67 92
39 56 54
41 34 28
20 86 13
41 25 59
27 44 61
43 65 44
80 84 91
73 4 17
85 26 23
91 24 84
42 11 42
93 87 52
6 2 75
10 7 95
32 18 98
93 78 3
17 12 76
6 66 59
97 13 44
50 42 48
23 80 27
79 19 23
88 91 86
93 45 91
87 13 55
85 86 46
74 14 71
74 61 3
7 9 80
4 59 57
9 68 79
95 7 94
31 79 1
2 78 77
39 68 5
0 20 44
63 65 79
69 62 94
81 71 18
24 97 84
91 7 9
0 23 49
81 9 43
60 80 41
49 67 28
7 70 95
20 12 77
51 63 30
75 87 21
31 8 62
78 32 2
56 27 42
74 25 58
73 34 58
35 19 12
92 68 21
30 16 70
39 15 7
40 85 96
69 56 28
17 58 25
53 36 10
14 19 72
18 98 41
6 94 27
60 80 18
7 10 58
81 60 65
74 19 19
91 35 84
24 90 58
97 70 38
99 9 21
97 82 12
12 38 29
77 37 33
8 66 43
62 79 51
15 20 41
75 57 12
15 63 82
34 46 63
76 9 2
9 11 51
84 19 67
91 32 51
31 8 75
40 21 52
6 15 4
5 38 19
85 59 46
49 92 70
94 69 54
50 19 54
83 43 46
60 13 85
32 99 18
83 87 89
90 55 71
30 17 11
24 13 81
22 99 91
19 42 85
38 6 53
70 5 69
4 77 64
22 8 89
25 91 61
42 7 39
15 7 79
75 71 67
57 44 48
68 17 50
55 31 85
49 12 82
98 64 89
80 73 49
2 60 18
67 51 99
41 47 50
75 1 8
83 30 85
46 48 68
63 72 50
16 23 84
40 94 50
31 12 22
2 32 41
64 20 6
77 18 32
43 24 100
26 59 80
77 90 57
6 58 58
6 45 88
55 29 53
89 80 23
54 76 97
3 32 45
68 16 62
4 92 57
45 20 15
84 14 86
54 52 5
45 52 47
43 51 89
69 76 81
44 20 46
65 83 35
98 80 10
18 28 51
28 32 97
86 75 93
89 10 49
28 15 44
45 57 18
40 22 7
22 54 74
67 25 59
32 62 4
73 82 38
50 81 19
26 82 77
5 39 90
13 63 53
76 55 44
17 69 1
1 41 78
67 6 82
14 82 95
20 94 54
67 18 56
91 96 61
49 53 74
71 83 90
93 7 44
92 38 1
83 1 12
32 37 32
54 69 71
52 50 65
83 53 22
35 4 57
93 56 22
60 51 43
86 54 47
65 92 97
18 46 82
80 62 29
12 28 68
4 51 38
78 61 9
81 83 57
33 27 48
15 33 63
75 2 79
90 86 20
21 29 27
93 6 57
84 0 20
0 58 28
28 59 100
59 71 26
11 87 41
9 60 32
44 82 55
57 21 32
5 32 27
51 48 51
5 93 43
93 51 64
7 56 5
31 26 68
59 89 16
46 16 83
1 16 34
10 35 91
83 79 57
30 7 86
18 24 71
5 25 24
35 0 100
91 39 34
98 79 35
51 6 90
49 61 27
70 82 26
14 4 8
76 60 28
88 64 67
77 3 100
59 35 81
48 49 28
63 20 6
33 63 64
5 47 48
88 25 75
16 99 46
30 1 11
21 27 43
17 88 5
29 76 98
67 13 75
71 92 44
97 96 12
51 98 29
91 41 79
70 20 56
42 56 19
98 83 47
50 73 5
43 18 23
36 37 71
79 91 98
55 13 12
46 74 65
16 58 13
47 87 27
60 77 86
76 64 39
1 76 62
16 60 59
76 1 99
23 71 33
84 18 23
82 11 47
3 37 63
85 66 43
79 54 72
13 53 83
23 74 44
71 15 67
18 63 12
2 83 67
23 37 13
64 44 78
76 20 54
73 98 93
49 67 83
25 22 26
89 64 23
30 43 21
20 14 56
27 87 91
48 82 38
1 82 77
81 45 20
10 41 3
5 45 100
4 67 8
7 29 5
23 55 66
24 35 56
77 52 10
68 70 13
54 61 34
48 9 89
76 25 24
73 10 21
35 77 8
83 30 42
79 11 87
74 96 29
66 85 86
50 97 51
45 62 77
34 90 40
88 21 95
24 19 53
5 75 100
76 93 15
86 68 34
3 36 80
57 87 88
27 58 41
71 15 80
76 36 75
75 66 30
62 28 55
19 26 75
78 67 55
87 26 61
91 65 18
97 74 63
22 0 83
14 89 78
55 84 26
95 82 12
82 76 45
9 99 70
73 95 100
69 42 40
48 39 89
73 40 21
47 56 30
82 27 9
58 28 6
51 13 97
76 53 100
20 83 25
29 81 59
13 12 36
48 54 74
95 73 48
48 73 87
54 70 96
55 0 68
16 72 23
92 28 16
58 34 22
13 95 70
59 64 75
83 53 2
29 43 32
52 8 48
8 31 32
26 43 70
83 11 5
51 90 56
20 64 47
34 5 58
58 2 75
24 20 31
38 13 3
23 53 96
53 21 71
20 70 63
0 90 40
68 23 35
74 27 27
0 83 1
18 20 45
34 81 89
67 78 64
79 13 2
50 48 64
68 44 94
16 30 34
1 74 68
24 88 58
28 74 28
41 23 49
80 51 57
77 1 34
0 62 63
59 29 94
11 99 80
26 43 47
76 24 55
49 70 56
89 53 61
51 28 58
81 94 23
20 4 95
17 63 41
23 32 50
1 32 43
96 46 48
72 35 15
82 57 22
43 47 30
96 63 100
94 17 53
39 32 82
74 76 45
95 51 14
35 11 30
44 63 35
76 85 42
62 24 16
56 31 70
22 78 77
48 53 99
29 85 19
11 24 63
10 20 68
37 93 98
96 7 61
62 45 75
21 77 1
55 35 15
73 53 65
6 23 25
39 33 82
37 80 15
57 64 71
31 81 45
3 64 2
9 80 24
10 29 9
60 42 49
56 49 96
18 10 71
99 20 88
97 2 47
4 74 76
94 32 9
64 90 30
44 90 29
0 40 29
9 81 25
83 59 13
1 89 38
89 68 58
72 81 80
56 41 97
17 65 99
2 27 7
46 84 8
9 0 36
44 31 65
83 16 87
9 18 90
7 64 64
85 60 5
55 91 9
47 94 1
28 25 18
36 14 22
48 36 28
44 89 42
57 88 33
29 44 79
57 74 98
12 81 26
27 91 18
70 52 59
41 67 50
24 83 54
58 22 56
0 13 53
69 40 60
35 86 78
31 27 87
25 76 39
1 84 80
19 63 22
64 82 3
87 63 45
30 15 1
92 63 98
68 52 65
39 95 12
49 58 76
47 56 10
27 7 60
67 51 13
71 42 98
44 42 51
5 94 34
15 49 75
82 40 44
48 11 92
93 31 38
86 42 82
91 97 71
28 24 30
37 56 20
13 45 49
11 9 46
13 97 59
94 22 99
92 42 16
71 48 34
79 97 89
16 54 70
67 23 72
38 37 11
31 91 85
40 42 38
93 14 70
68 4 2
91 32 63
10 85 16
22 14 23
70 21 84
29 81 16
75 7 59
9 78 89
19 21 38
14 60 13
35 28 86
24 68 23
18 51 98
75 92 17
38 6 29
9 31 14
54 43 99
14 5 77
65 16 39
31 39 47
99 18 10
10 68 48
62 68 62
17 70 24
73 94 70
28 1 23
81 63 16
22 42 14
4 17 62
75 60 70
50 64 73
65 62 11
88 62 66
93 74 92
77 27 8
67 12 40
32 7 68
90 71 63
44 1 68
77 85 98
69 61 73
44 34 65
9 77 22
13 15 39
34 82 91
82 97 38
14 82 9
63 60 87
51 85 19
41 20 81
60 63 75
28 61 46
3 54 40
14 51 21
78 74 6
61 76 75
65 14 92
40 25 47
57 32 63
36 17 58
8 80 87
83 20 24
85 46 74
92 27 27
21 36 29
15 83 63
75 53 44
32 92 3
79 16 5
60 53 2
33 39 58
41 20 58
43 33 52
25 94 60
72 36 53
64 39 45
29 98 59
52 78 18
52 43 60
87 51 37
4 94 34
18 33 34
23 26 48
55 93 57
62 21 84
40 2 77
26 46 23
77 3 14
61 3 67
4 88 76
92 25 74
25 8 29
12 21 99
67 30 42
29 72 42
21 1 48
34 37 37
64 23 41
12 44 88
11 60 64
57 54 100
1 69 44
71 88 73
95 10 96
44 5 28
45 13 80
0 34 92
76 84 11
14 69 29
95 80 11
1 8 70
4 35 41
73 59 43
99 34 65
20 54 7
66 61 38
55 86 31
47 95 66
88 2 19
78 96 99
19 36 26
85 3 22
46 20 65
93 65 96
75 39 99
86 58 6
82 65 53
40 94 29
15 12 29
52 13 22
45 25 31
64 14 91
38 64 94
12 95 3
25 32 75
49 21 2
70 97 23
65 54 95
37 49 82
51 3 69
90 25 35
74 4 89
1 35 37
66 81 30
50 20 11
63 97 94
99 89 14
77 96 52
35 50 90
30 29 14
59 81 64
67 79 37
88 65 15
10 55 58
40 89 71
82 38 76
80 19 70
6 94 81
1 91 53
69 99 80
86 63 98
6 65 54
86 55 14
74 25 4
19 77 40
29 37 10
0 46 20
64 60 35
64 52 94
3 18 98
25 10 64
1 73 41
12 25 64
2 0 81
14 76 58
72 98 80
96 2 50
20 79 54
55 40 65
33 68 24
40 87 2
59 91 6
55 38 94
89 78 55
63 68 44
62 23 97
70 12 77
63 57 34
81 29 60
29 50 70
62 34 26
39 98 72
62 66 58
31 55 97
77 96 65
59 42 86
9 61 78
2 81 10
96 5 60
42 65 98
72 52 5
25 92 74
95 32 82
1 81 22
62 24 97
15 52 55
94 45 52
64 2 70
50 55 66
12 88 97
88 99 26
81 44 44
11 18 70
10 40 64
48 7 33
66 45 61
98 20 73
51 54 25
80 99 48
37 80 60
53 65 27
84 17 88
65 54 85
22 67 5
69 30 78
23 28 38
76 92 67
68 46 54
97 32 78
46 35 39
44 7 40
9 57 85
76 81 94
0 37 69
10 96 80
25 89 46
83 26 61
43 20 71
43 52 23
76 89 34
85 35 21
71 33 81
53 7 27
94 13 77
0 10 51
30 71 86
96 32 27
3 57 43
65 86 46
12 65 91
24 46 96
28 43 75
37 16 16
54 19 62
54 59 98
20 45 46
70 93 20
26 55 56
23 37 15
48 16 95
49 79 59
61 34 12
62 29 45
32 73 68
88 9 2
11 54 85
89 24 74
6 92 2
45 40 19
66 48 85
49 10 81
9 93 21
83 57 25
71 1 26
34 97 45
85 87 45
11 47 82
28 11 100
77 1 46
88 94 82
77 34 80
40 65 95
70 45 100
51 49 44
22 90 86
40 27 68
46 30 95
16 41 60
9 20 72
98 89 77
49 38 35
70 32 17
97 3 5
45 96 71
2 43 9
22 94 92
79 17 25
32 10 25
63 74 54
48 94 27
3 87 20
10 13 36
72 64 90
61 23 95
4 76 72
2 77 7
32 31 84
4 88 46
63 15 4
14 42 4
17 79 33
10 23 86
2 26 41
64 1 73
92 24 48
88 19 28
18 24 40
49 3 55
88 11 24
54 71 63
17 13 87
36 29 64
74 81 28
54 73 23
11 6 63
86 6 38
2 31 12
12 40 24
33 28 75
64 66 58
36 96 90
98 4 95
44 32 64
93 64 93
62 30 80
57 14 82
26 21 26
92 35 35
9 3 81
86 30 22
79 49 70
41 50 32
63 3 7
52 13 100
80 70 73
52 88 14
63 18 23
40 83 97
78 22 4
79 50 71
37 12 13
43 9 28
57 23 23
8 79 51
70 34 81
26 78 7
5 20 40
42 28 10
67 29 29
83 28 73
37 53 50
97 90 27
29 55 21
49 19 12
49 82 68
81 42 100
34 10 8
16 47 66
58 97 98
12 0 49
53 81 100
14 51 43
15 55 45
2 68 28
85 46 11
19 44 57
4 66 97
10 91 94
28 91 96
45 40 22
14 28 59
25 81 22
49 25 27
42 57 51
4 44 78
92 57 35
59 20 24
16 58 80
83 27 85
38 21 43
58 81 95
92 18 80
13 99 32
33 71 27
0 75 17
50 87 92
91 39 78
4 49 49
2 40 87
44 78 21
53 84 83
40 79 81
67 12 75
2 34 13
92 12 5
98 1 16
34 39 48
86 27 86
54 38 33
18 56 76
62 39 11
38 29 24
69 74 83
35 53 11
59 40 95
49 98 30
30 59 68
42 69 38
53 27 78
27 4 16
23 71 77
94 51 2
13 46 39
86 6 41
59 53 70
85 61 8
47 1 40
88 76 98
89 64 67
37 44 76
26 81 43
9 31 3
82 18 22
48 38 75
52 49 26
27 69 37
59 83 34
64 20 66
13 72 32
55 94 57
63 25 34
9 52 62
77 65 24
39 37 8
94 65 57
43 34 24
45 19 74
52 60 40
3 48 50
76 69 31
12 39 8
58 0 96
10 79 51
74 33 53
69 52 13
87 24 96
9 66 81
72 99 5
27 86 67
64 47 61
26 21 6
26 34 88
4 88 3
55 28 89
56 63 71
89 88 28
15 76 71
21 74 45
49 62 61
2 82 15
36 73 64
26 35 25
23 79 71
10 7 40
49 55 58
83 50 41
81 68 96
27 56 53
65 34 31
85 66 77
95 15 38
74 95 5
20 59 13
64 95 78
87 82 14
29 16 9
52 56 19
4 82 49
57 24 89
52 62 99
76 93 72
0 48 2
43 13 99
2 24 51
30 67 3
99 23 68
83 35 33
53 46 59
84 98 58
6 67 41
44 58 51
33 32 43
19 23 63
58 16 89
84 87 48
91 79 9
23 25 77
76 68 20
61 3 92
22 48 36
10 97 90
57 22 57
87 97 34
48 87 79
89 95 22
12 26 59
10 81 2
93 98 56
75 44 77
26 6 60
16 43 53
64 4 53
11 54 9
82 97 17
2 33 28
34 61 47
55 16 69
26 98 63
77 89 47
47 52 9
86 91 51
41 52 12
19 39 48
42 53 1
25 88 18
24 32 62
37 21 32
66 40 4
1 41 92
97 24 16
11 22 98
43 90 72
67 6 96
80 51 29
86 50 55
23 36 100
66 23 37
63 14 71
40 45 40
96 38 7
36 29 11
57 75 40
58 30 86
92 49 24
77 98 24
12 7 23
22 82 42
4 89 42
21 45 93
1 91 65
52 72 97
35 16 45
91 82 33
77 14 30
88 86 6
67 75 51
45 56 44
0 9 1
64 17 5
40 11 19
21 89 55
89 49 4
10 21 49
32 60 71
95 72 9
12 73 89
39 74 20
46 66 62
70 95 87
41 22 2
88 40 11
12 76 14
21 74 48
55 32 62
7 85 46
11 69 6
42 66 69
72 74 36
35 86 1
29 14 16
48 8 5
44 84 35
92 24 93
9 85 75
49 76 84
42 94 24
69 61 42
60 7 27
13 96 82
19 99 84
29 14 52
94 99 35
38 1 40
66 75 96
65 87 9
20 87 78
67 99 13
21 80 63
92 50 87
87 48 24
71 81 49
35 93 18
37 91 1
43 15 32
24 85 58
69 77 22
92 45 8
33 16 2
27 79 44
59 6 36
93 19 23
32 44 76
33 34 56
8 92 30
71 83 94
97 80 23
64 34 43
32 88 2
64 75 44
60 15 88
12 34 30
59 20 56
32 33 66
45 23 1
41 45 84
70 9 33
59 89 43
76 26 26
80 24 7
37 44 10
57 95 93
66 13 98
14 33 62
5 67 17
90 63 41
24 61 87
71 34 94
69 73 29
45 13 72
60 52 48
58 79 53
82 70 3
92 35 57
75 30 1
27 10 7
38 88 57
65 72 15
42 23 98
87 96 50
56 37 12
35 62 43
68 59 18
56 97 26
71 1 38
47 3 61
77 84 93
54 77 56
22 20 34
21 24 37
69 25 73
67 39 96
93 55 38
18 88 60
52 19 58
52 30 67
7 32 29
23 86 9
37 13 36
92 1 36
91 72 35
18 82 16
83 0 33
6 78 8
20 86 72
56 17 38
59 99 69
45 96 83
5 46 56
59 70 42
70 83 80
25 63 54
17 66 70
12 10 36
80 57 53
64 61 14
77 32 23
68 24 37
40 74 47
21 32 18
20 75 35
99 87 45
67 59 51
61 67 70
58 11 53
97 80 13
34 12 75
39 12 47
29 42 81
48 86 40
94 73 93
30 42 24
79 54 76
98 29 15
81 86 20
40 38 66
73 35 41
98 35 95
34 40 30
70 38 86
47 58 89
17 18 34
68 84 60
46 93 23
76 40 36
9 23 72
34 69 93
81 86 56
93 27 74
56 17 51
3 54 12
18 72 70
64 47 93
51 21 92
85 61 53
54 77 10
0 37 48
99 68 9
99 41 55
27 20 41
83 74 80
83 67 41
13 39 44
36 71 50
62 74 54
65 63 5
98 25 22
35 77 12
77 75 83
57 75 82
17 58 84
24 30 67
41 47 11
24 96 12
19 14 69
91 87 68
60 28 30
90 41 69
34 57 96
14 68 23
31 52 19
15 31 73
73 54 67
87 50 14
0 25 51
20 16 83
92 62 41
85 7 59
71 20 19
51 73 79
90 19 86
28 69 84
36 19 17
16 19 16
68 12 53
35 19 48
59 90 95
66 82 56
73 9 37
26 10 41
73 81 62
73 53 43
95 92 65
14 92 92
56 36 19
3 86 62
19 45 70
4 8 24
18 81 24
7 95 52
1 70 61
81 86 10
81 5 85
18 38 62
69 53 31
73 58 14
47 94 38
32 17 43
92 13 13
67 86 36
79 72 56
52 37 51
70 83 83
38 36 76
34 97 1
30 43 100
12 51 40
64 17 60
29 39 43
94 69 90
52 70 84
69 60 11
19 44 82
6 95 5
50 10 41
42 67 4
64 31 80
87 72 50
73 50 51
76 12 85
58 51 92
16 82 54
20 25 37
84 39 53
77 4 49
27 76 53
69 18 50
90 7 66
0 1 93
98 57 86
61 74 17
26 49 67
67 50 90
82 91 19
33 73 61
31 87 3
80 43 98
80 49 29
95 88 49
85 30 32
96 10 98
60 10 93
82 18 34
13 75 50
10 12 32
27 96 3
89 37 98
21 2 55
5 8 45
51 15 100
20 44 27
13 64 40
12 66 32
23 20 21
21 93 93
50 85 48
73 85 22
96 81 14
62 5 43
7 29 97
67 73 51
44 35 62
45 12 47
65 85 32
67 96 34
78 68 71
43 31 67
96 42 22
29 56 81
79 24 33
0 16 49
52 10 51
71 19 21
11 82 13
48 16 77
88 95 100
9 34 61
56 92 25
10 31 23
81 22 100
70 64 60
48 26 90
12 79 92
86 16 79
61 76 76
49 92 96
58 39 72
11 66 41
9 7 43
67 4 72
56 58 5
78 83 92
69 3 25
35 94 45
67 68 93
78 41 95
18 77 21
60 5 27
93 34 34
40 38 23
50 14 1
95 86 74
59 53 36
80 13 24
44 74 30
83 1 48
15 8 70
80 74 40
2 40 66
99 39 83
10 98 90
83 19 65
5 14 74
36 34 4
87 49 29
28 68 63
60 50 34
86 24 60
99 7 99
17 99 37
25 69 4
18 87 6
46 56 34
76 31 29
42 83 59
83 77 42
63 31 74
47 43 44
62 33 59
33 4 73
5 21 54
43 96 1
12 46 13
32 56 95
44 31 82
74 88 98
22 7 47
0 47 27
88 6 13
48 87 91
27 98 38
93 44 97
24 33 34
62 51 85
40 60 60
18 0 15
88 47 50
96 63 71
14 67 20
44 88 63
50 5 50
94 1 16
1 8 71
53 0 81
8 12 87
56 74 3
53 58 22
70 14 49
34 95 57
81 80 37
88 80 83
78 17 100
10 41 62
98 54 19
98 95 57
34 45 56
39 25 13
79 63 72
18 3 25
24 1 86
97 48 93
42 14 58
24 51 60
46 42 5
86 33 14
59 6 94
18 82 25
63 43 3
72 1 50
49 79 8
87 71 7
84 42 7
94 17 1
58 89 40
90 83 41
82 31 97
77 24 92
83 54 49
74 62 95
31 74 13
99 62 25
83 74 27
19 63 16
53 83 92
5 59 71
64 81 38
53 46 61
6 47 65
71 20 74
30 16 76
18 55 49
31 25 93
77 74 65
86 41 75
78 63 80
37 61 93
69 34 95
23 20 1
11 49 40
41 86 35
96 28 68
46 59 71
95 17 90
13 74 70
83 32 2
94 4 39
10 3 48
46 63 41
32 66 98
50 99 48
41 18 16
24 40 63
75 97 54
29 1 94
95 87 41
84 34 16
82 53 98
33 1 35
71 96 40
22 24 67
28 48 93
62 14 49
55 52 29
1 58 34
9 28 82
21 23 71
32 96 98
2 92 57
6 21 25
41 78 44
48 85 97
1 27 52
76 79 44
65 0 30
59 35 84
66 33 88
30 66 31
4 63 28
26 0 1
23 51 86
68 43 50
62 84 85
83 52 78
74 85 68
36 99 49
71 21 23
8 1 81
71 77 40
45 67 60
44 91 40
5 81 85
14 73 39
20 71 100
36 77 3
8 7 97
75 17 79
28 85 73
40 47 65
90 88 87
17 39 7
43 75 7
12 98 40
72 33 6
90 5 89
13 72 99
10 36 72
23 41 50
99 57 57
0 65 24
42 48 59
45 3 17
83 94 52
83 48 85
13 59 53
91 9 27
43 33 46
39 9 13
67 10 86
63 4 14
64 6 91
91 80 87
80 88 16
76 69 98
30 4 69
10 73 75
31 68 22
5 57 77
89 3 52
81 25 81
15 98 41
84 87 17
65 30 7
89 67 36
61 3 61
76 33 31
19 64 69
71 64 83
85 31 65
71 83 96
61 59 78
26 68 4
46 20 46
38 91 56
82 51 99
52 1 29
50 22 60
75 87 7
45 53 31
96 2 18
41 26 72
70 77 26
25 2 64
34 42 2
60 92 86
36 74 95
57 21 2
6 57 59
13 42 62
74 55 35
85 33 3
85 93 17
81 6 44
34 22 29
49 10 95
3 14 73
96 27 83
82 73 15
66 11 31
67 79 54
64 76 24
85 70 6
43 11 98
33 61 24
91 40 5
86 23 42
36 57 20
31 94 28
83 75 29
38 96 4
82 10 80
87 37 87
41 88 60
69 70 82
67 31 99
55 93 5
41 32 16
39 72 59
8 76 42
62 20 67
42 62 32
12 93 36
79 16 74
99 29 70
51 94 65
63 88 3
71 42 49
73 61 60
40 35 58
1 88 6
45 91 12
54 3 86
53 66 81
85 66 13
25 80 81
90 5 56
38 91 46
13 55 13
2 81 27
95 42 76
89 84 51
43 42 62
34 48 36
70 73 9
3 67 97
32 5 81
76 93 44
40 62 16
96 19 97
21 50 46
91 31 18
44 3 51
37 50 18
81 79 19
87 42 35
7 46 64
91 54 1
29 57 67
5 18 89
61 86 26
28 5 88
66 84 6
40 0 77
53 18 18
36 78 91
12 66 31
52 48 77
84 76 96
61 94 2
39 67 78
66 87 16
53 36 71
52 51 82
59 52 93
7 5 4
59 23 66
58 76 17
80 12 1
86 56 66
46 10 4
88 80 7
40 77 9
74 77 21
23 12 51
53 93 89
65 55 44
97 67 30
84 97 11
69 44 56
27 26 100
26 61 89
93 26 93
9 58 44
46 64 96
4 94 93
81 88 86
39 75 59
10 95 78
23 39 46
78 47 24
90 41 48
47 7 36
61 75 2
22 0 30
95 2 30
40 45 97
99 7 13
82 29 60
55 64 58
49 38 16
53 64 3
73 96 43
84 20 28
69 36 93
38 65 20
83 60 16
33 75 11
85 69 13
10 27 65
80 79 4
12 50 41
8 57 32
55 6 89
62 8 65
6 35 100
65 35 79
76 81 65
29 69 31
70 76 46
63 14 20
39 71 66
30 90 34
49 93 73
59 61 47
17 65 79
99 6 26
41 0 35
1 35 83
43 32 16
6 90 72
32 66 22
66 92 85
7 31 47
72 89 100
87 33 61
38 29 38
42 5 31
28 3 10
20 74 44
5 76 25
17 9 34
97 51 40
60 28 22
5 25 59
13 16 25
66 11 96
69 66 92
36 62 78
15 74 27
65 13 32
6 44 77
25 0 60
18 60 65
49 63 22
51 42 84
64 4 100
71 32 65
29 34 87
77 60 67
27 26 90
33 97 48
90 44 71
54 37 59
15 16 58
31 76 81
3 26 4
44 92 68
75 30 45
82 30 10
19 84 17
51 78 42
12 2 99
48 34 55
47 77 85
35 95 35
66 93 63
21 26 5
87 88 10
45 96 6
55 68 18
97 51 53
5 26 37
85 41 21
62 81 40
10 27 55
69 94 24
30 39 86
44 13 45
73 56 82
42 52 61
77 68 48
23 22 68
22 98 33
28 68 88
94 37 94
47 44 29
53 42 90
9 11 79
99 77 40
41 52 36
94 21 6
75 78 99
25 77 33
58 7 5
6 27 6
71 84 88
9 7 45
78 85 18
72 7 21
92 53 46
22 89 69
70 38 9
20 50 86
83 17 22
34 24 45
97 95 100
45 19 65
36 65 74
5 73 89
77 52 81
78 68 50
65 23 36
48 45 83
39 4 87
50 56 85
20 68 76
73 57 24
27 74 84
1 50 57
54 25 39
31 30 99
51 22 96
6 49 2
38 47 54
37 90 47
26 98 100
17 45 68
96 77 80
15 3 78
60 2 81
18 56 57
66 32 1
40 87 38
26 12 33
53 59 12
65 80 53
61 88 65
6 60 16
58 5 94
99 39 26
49 78 33
7 41 27
26 43 20
96 89 90
55 62 78
98 0 73
24 7 42
2 29 36
59 56 20
99 88 67
33 38 73
80 42 66
61 97 6
58 14 35
26 70 95
89 10 77
64 9 2
56 30 42
37 88 100
40 56 28
86 5 62
46 33 66
0 57 78
95 61 37
65 37 68
98 95 59
50 39 50
61 49 50
67 26 88
13 33 58
81 61 25
34 87 54
98 57 32
15 90 95
5 52 56
23 52 58
58 21 51
41 24 85
65 54 13
63 54 14
35 23 98
72 13 26
61 20 28
8 55 28
40 75 18
50 57 76
8 67 2
80 91 57
86 36 26
65 79 42
38 13 51
51 77 21
43 80 13
48 62 18
24 23 84
19 21 21
10 21 63
42 76 12
80 93 17
28 20 20
68 78 19
89 72 1
44 31 38
91 42 95
20 19 65
66 7 83
66 60 95
77 25 31
86 44 2
93 52 57
29 56 27
83 3 90
35 85 50
69 58 45
10 38 8
67 60 63
15 11 44
87 70 21
83 30 80
18 25 64
9 85 89
58 97 23
63 71 80
22 10 13
56 36 76
29 43 93
50 37 75
23 10 74
60 59 88
78 92 1
57 89 50
35 70 43
26 70 85
43 41 62
44 16 30
18 92 90
47 72 71
4 11 6
3 20 30
88 16 54
91 92 73
98 19 54
5 70 59
37 30 85
89 24 87
79 75 2
58 26 84
73 82 56
36 26 90
92 18 5
87 10 11
34 33 37
24 90 7
90 77 61
95 59 66
0 72 53
68 78 32
82 84 23
94 93 96
72 86 1
30 8 56
14 63 99
12 78 87
3 30 52
88 87 55
73 68 13
38 4 36
96 56 1
27 12 89
14 45 50
90 50 85
58 46 70
90 61 94
52 27 35
98 31 5
66 28 11
32 29 51
15 77 87
83 5 5
18 11 78
65 49 46
29 63 20
11 68 46
14 49 56
29 21 23
89 70 67
97 88 18
42 51 94
4 65 75
78 96 69
63 37 72
74 51 13
66 0 34
78 21 75
35 2 6
51 41 30
47 95 72
31 20 6
39 4 44
39 45 82
98 91 28
70 80 84
27 34 5
54 83 86
34 36 97
57 90 5
84 9 64
62 64 6
7 48 24
79 67 52
1 35 7
52 99 37
39 81 40
5 60 5
86 38 39
7 16 71
13 15 97
14 57 37
69 54 6
85 62 19
90 89 26
85 19 57
24 5 39
28 75 39
49 24 19
68 66 48
80 60 72
52 91 69
83 43 93
80 18 75
76 14 20
5 97 8
33 24 95
39 95 96
21 87 84
13 23 73
88 98 55
61 71 54
29 91 100
32 4 92
32 38 5
51 34 4
14 56 50
29 6 29
42 25 54
75 62 65
61 21 53
21 14 99
49 58 16
20 46 27
40 44 11
26 90 30
34 60 22
58 36 16
7 44 30
99 94 76
95 90 21
31 33 43
34 29 34
89 57 2
84 10 42
68 46 47
50 94 23
85 54 28
37 85 24
57 30 89
88 15 61
49 88 16
84 48 46
79 85 54
52 85 7
18 9 36
83 21 60
96 84 66
33 84 15
96 14 7
82 97 86
40 20 44
69 99 4
78 17 72
52 88 17
24 76 89
60 34 96
47 29 94
78 54 76
75 92 42
88 82 64
40 33 99
50 10 42
75 2 5
15 52 2
81 39 56
82 83 44
89 29 38
98 57 2
31 71 24
38 72 35
82 59 95
24 42 32
63 9 62
36 29 80
82 72 34
69 66 91
9 35 45
1 50 17
45 33 8
51 3 6
98 62 53
26 71 7
90 38 91
1 8 20
33 75 23
83 10 27
46 93 27
18 61 59
13 14 99
14 89 73
53 52 40
61 22 7
83 74 48
19 42 14
75 87 84
65 18 2
94 8 89
68 98 47
33 62 89
14 78 63
19 12 28
93 74 9
88 0 8
90 37 67
53 67 61
71 86 76
9 49 69
12 77 48
27 46 39
57 87 60
60 49 57
66 53 25
18 49 62
89 0 73
4 8 51
30 72 33
33 40 42
81 61 93
21 58 29
63 39 66
10 61 83
30 34 6
6 49 24
46 52 88
53 79 7
37 49 68
18 20 40
91 64 30
8 78 80
3 2 68
29 92 40
93 72 62
31 35 55
4 94 95
53 58 69
11 34 95
76 25 9
22 92 30
63 59 53
56 72 89
41 1 25
46 14 97
11 16 77
41 99 39
9 64 62
89 72 69
81 8 95
66 77 67
72 94 60
18 94 47
89 10 14
95 53 77
48 16 55
22 12 6
79 33 96
6 10 73
51 28 89
85 60 46
23 45 64
20 35 77
57 86 77
79 3 73
17 39 87
19 82 77
1 96 59
61 20 73
70 52 100
2 45 38
13 39 2
9 11 91
79 93 3
21 59 86
36 70 43
56 42 38
70 23 36
63 76 83
68 97 78
79 43 2
42 72 87
27 7 65
31 58 52
5 61 42
42 24 10
67 4 86
52 38 19
50 93 43
27 90 99
28 66 32
94 73 64
66 77 44
50 2 41
16 29 46
44 43 57
73 35 12
4 72 26
75 94 91
60 9 11
32 80 44
99 24 81
57 80 11
70 50 31
96 54 24
67 8 61
57 64 66
23 43 31
2 40 80
48 36 46
92 71 84
97 84 75
11 97 20
90 82 100
94 88 85
30 12 94
69 0 5
77 70 83
14 16 55
46 4 38
20 48 29
83 66 47
19 10 34
42 10 89
39 21 44
1 46 71
72 16 95
10 99 41
23 90 84
2 7 24
88 1 56
29 8 36
48 83 99
34 41 86
41 13 69
98 16 30
10 95 70
9 52 78
2 71 45
17 8 54
34 16 29
96 73 14
52 75 36
50 16 38
94 58 34
15 38 83
93 54 39
1 20 54
98 74 7
58 43 74
32 91 66
93 4 38
19 11 7
93 56 85
28 98 82
94 51 31
10 96 7
64 68 100
28 15 84
4 43 97
0 39 42
93 23 60
81 35 43
25 89 9
79 48 70
42 64 73
90 26 38
27 60 67
91 21 71
49 62 77
9 18 62
41 85 71
37 53 10
36 83 8
72 83 18
48 97 10
40 66 89
93 82 78
39 3 45
21 35 69
12 14 88
96 90 80
41 25 56
49 82 28
99 36 45
47 68 100
92 48 54
89 4 23
46 71 82
96 4 13
17 23 46
4 18 44
94 1 7
64 99 64
66 5 50
43 16 4
82 70 39
88 68 100
86 28 34
58 59 31
27 11 2
78 95 47
3 11 96
30 57 91
89 50 31
47 58 27
91 49 3
83 9 33
1 60 1
32 57 64
11 81 43
58 33 14
93 55 74
73 56 38
78 55 95
46 87 3
56 28 84
64 78 18
6 46 55
75 56 67
52 42 77
63 60 82
56 5 100
41 20 76
1 42 68
63 32 20
52 86 40
48 80 55
9 16 86
25 98 48
11 77 14
31 55 27
89 91 40
22 74 82
50 42 58
60 25 43
49 66 38
6 5 59
55 50 83
31 78 10
48 29 95
64 1 36
80 69 63
81 39 3
68 12 99
67 50 2
9 58 88
37 73 58
0 18 94
11 89 24
7 93 89
61 51 98
3 18 90
15 95 32
93 56 52
16 54 55
45 13 62
52 46 61
18 11 5
89 75 73
11 72 56
92 50 90
50 92 36
28 59 94
2 54 80
94 72 57
97 61 71
62 44 63
23 35 92
92 45 11
8 16 75
41 74 29
95 38 32
26 46 18
57 9 88
7 69 81
29 41 13
35 50 95
65 18 70
63 86 89
84 74 84
21 66 60
50 53 49
3 53 88
74 29 43
42 66 85
75 2 50
72 92 69
48 14 64
19 48 18
1 73 46
79 57 14
47 82 87
52 97 3
17 53 41
62 17 86
54 85 58
59 99 95
58 95 100
30 64 97
38 68 82
97 27 28
15 18 26
83 99 37
46 55 82
25 5 75
9 72 13
74 36 59
29 9 74
98 33 39
44 52 76
89 38 23
59 2 18
26 64 48
9 14 8
50 56 67
14 10 95
56 48 29
27 54 88
60 5 96
3 49 67
44 88 34
13 77 61
54 89 5
16 22 98
44 78 69
4 67 2
25 56 18
3 64 52
56 44 31
8 68 75
26 94 48
1 53 49
98 64 40
46 16 67
81 7 23
78 56 35
94 15 6
90 70 37
32 18 16
51 6 74
71 5 24
90 20 36
34 90 34
66 35 30
91 76 85
62 88 100
98 6 71
28 13 94
32 24 95
45 75 40
24 25 14
37 44 39
57 35 71
67 25 33
2 11 85
40 44 36
19 91 55
31 63 91
3 94 88
13 65 100
44 15 26
85 68 95
38 65 67
67 49 18
20 36 87
41 77 1
31 52 81
43 28 57
21 2 6
10 97 27
35 96 29
11 65 19
38 58 27
31 80 97
44 19 32
74 29 10
82 84 15
98 85 76
41 75 76
64 76 15
44 22 43
39 88 22
1 61 2
11 36 77
48 85 91
14 10 85
56 7 18
22 46 21
99 67 88
67 33 14
74 93 30
84 29 21
51 83 47
87 48 7
14 18 25
77 5 63
57 71 7
75 70 7
91 31 32
67 25 46
87 79 80
7 89 40
53 23 25
31 45 19
22 44 96
40 85 50
80 69 20
15 16 69
50 5 96
27 38 75
4 34 80
34 3 20
52 14 93
29 27 95
92 58 46
38 59 85
14 94 56
68 79 82
6 11 32
33 32 78
72 84 9
96 69 53
38 23 19
96 20 48
67 28 93
51 6 64
41 64 80
72 9 15
69 22 74
64 10 83
82 83 69
62 71 1
63 60 16
17 18 27
5 87 58
71 69 35
23 86 15
9 24 24
7 5 18
37 53 78
46 93 16
38 95 43
42 46 92
13 5 39
70 74 1
8 65 37
92 31 70
91 74 87
3 54 5
8 84 50
67 24 64
36 18 32
80 26 35
12 85 36
44 51 55
61 1 95
49 72 51
32 22 17
38 59 62
44 9 58
42 83 95
96 16 55
61 78 49
21 72 60
24 6 75
15 48 34
9 43 15
32 43 76
1 78 45
60 5 40
99 72 8
32 28 33
5 32 99
72 31 16
69 88 32
11 37 32
22 7 83
48 4 93
93 31 78
37 65 29
40 73 30
21 44 83
14 22 49
58 93 97
88 65 98
19 55 99
12 80 78
80 21 77
94 47 83
8 33 61
54 74 91
42 51 40
75 6 98
83 56 32
72 57 46
35 20 6
29 21 5
62 35 69
22 84 15
24 42 11
84 58 46
61 91 1
62 53 86
94 74 41
46 30 67
1 71 19
60 51 20
42 57 92
98 16 65
28 35 56
93 14 2
22 31 8
43 65 63
95 0 60
74 17 87
91 47 87
24 29 77
28 34 97
98 46 87
34 13 59
98 99 99
49 94 24
90 34 36
52 21 63
42 11 61
47 32 56
97 32 40
9 46 38
34 46 92
0 71 24
77 37 98
19 60 47
84 86 6
95 76 91
44 65 92
97 21 67
22 85 100
67 91 80
46 16 24
51 97 70
38 11 12
24 49 27
28 74 25
54 49 47
78 98 74
10 56 91
83 5 85
91 69 3
23 19 72
10 6 90
37 52 80
75 23 56
74 0 48
36 87 13
76 5 38
48 76 71
33 56 2
12 73 29
81 42 95
25 44 14
58 14 59
89 43 49
97 14 5
30 14 43
88 66 89
75 34 70
12 95 53
62 35 23
0 6 20
91 81 98
52 77 93
36 38 13
52 98 36
6 7 42
4 74 96
25 23 76
47 87 4
4 92 1
50 62 58
37 83 45
96 57 59
82 20 73
55 76 14
64 13 32
35 68 9
36 63 42
44 93 60
31 88 82
39 96 99
48 89 18
28 88 58
62 15 86
78 14 93
44 67 7
64 58 39
69 40 44
57 91 22
86 43 90
3 9 63
79 39 5
94 16 62
93 47 25
80 54 77
98 61 62
94 88 87
5 38 38
11 0 89
98 10 96
7 42 1
36 7 2
68 80 4
14 81 43
40 56 65
76 43 19
2 16 75
80 40 35
78 94 94
96 41 28
82 83 26
98 88 51
20 11 85
24 90 54
35 22 55
21 86 60
1 60 13
90 53 16
79 22 79
27 87 45
3 17 44
91 70 37
21 55 72
78 49 64
28 69 21
55 6 47
35 58 93
67 0 72
44 40 2
5 98 65
2 15 7
36 28 38
30 16 79
3 64 97
6 19 6
91 42 96
91 14 34
48 65 60
91 6 30
16 18 29
89 81 7
21 46 1
17 81 17
23 50 26
54 28 76
83 1 18
12 5 5
72 20 80
15 92 33
64 97 21
44 91 89
42 98 73
43 0 26
33 58 42
61 18 76
33 57 77
83 49 94
44 47 19
14 72 92
70 64 7
6 13 47
44 53 62
4 81 66
64 23 71
13 67 70
45 87 60
25 1 19
1 49 96
11 12 17
74 45 22
19 88 89
33 70 52
38 34 88
51 77 35
73 82 57
75 61 27
24 97 47
54 79 19
55 67 12
63 24 41
61 65 49
62 14 52
3 12 63
85 81 79
9 83 21
48 85 15
10 45 25
40 25 67
11 53 90
68 15 13
18 47 61
12 14 67
12 26 41
36 23 58
16 91 75
50 65 35
41 89 56
75 56 33
85 78 46
66 41 95
32 81 14
94 76 80
82 65 83
83 75 65
1 30 96
95 67 79
55 89 71
68 41 43
0 26 95
3 14 1
51 15 37
78 29 81
51 75 88
34 20 33
55 84 78
78 64 38
6 21 5
27 75 38
53 45 94
71 78 44
64 97 11
43 94 60
22 51 36
16 74 36
18 59 48
46 83 12
50 33 96
52 19 73
47 57 83
79 64 42
23 45 23
64 12 52
32 38 29
58 14 16
10 79 36
35 77 73
93 2 83
17 23 38
65 98 60
50 15 47
64 27 31
96 9 83
78 20 89
73 86 81
50 70 99
83 94 91
95 8 6
85 32 28
63 87 51
13 5 84
29 59 64
90 26 7
41 21 19
70 18 2
18 3 8
80 72 47
65 82 57
99 35 50
71 23 85
18 32 71
36 38 91
65 31 11
45 31 10
16 85 22
32 25 67
11 98 51
10 66 74
79 98 12
23 58 82
84 26 46
13 54 98
45 95 31
8 11 83
30 75 73
30 94 86
56 79 42
82 95 65
4 50 82
54 39 57
83 23 8
67 35 10
34 79 36
97 96 8
66 65 33
72 54 81
40 93 53
51 77 2
36 53 75
25 26 15
72 66 55
98 83 43
0 78 95
21 8 62
51 75 78
45 70 59
42 87 2
9 77 94
80 91 74
89 97 75
88 20 28
27 48 38
64 42 29
41 95 67
90 59 17
79 33 9
81 45 75
92 37 22
79 44 18
76 67 40
42 74 68
55 25 18
1 27 22
87 58 28
28 2 68
43 0 6
85 77 48
63 11 10
65 23 20
21 13 32
0 11 46
77 24 52
95 57 2
8 66 32
2 8 69
95 43 67
17 34 6
44 92 6
17 99 23
90 62 63
46 37 7
9 40 40
74 64 100
2 64 85
7 52 21
10 41 35
17 35 87
15 7 32
43 8 67
62 18 2
97 14 73
98 96 74
78 96 73
64 35 3
17 83 20
30 46 63
81 71 46
71 67 1
23 17 71
57 4 50
6 95 43
30 42 29
20 74 80
43 13 38
57 76 75
91 20 6
80 86 93
40 28 57
2 83 76
2 43 3
89 93 59
5 23 85
92 61 68
47 48 86
36 95 62
91 18 82
5 76 97
76 20 63
51 94 45
27 88 65
60 77 36
9 99 66
34 92 81
5 18 92
12 74 39
70 83 98
21 31 35
66 82 48
78 64 18
58 78 88
83 77 90
39 54 26
84 54 75
33 47 83
43 10 10
20 95 31
35 85 21
98 36 73
95 75 4
78 77 73
22 92 54
26 57 1
1 38 21
7 1 37
85 56 64
24 61 59
32 63 2
82 29 86
63 93 75
47 84 16
93 47 34
27 5 44
91 81 35
32 92 65
44 86 65
6 80 12
54 1 33
43 20 32
96 64 84
20 79 64
47 63 78
85 50 62
89 48 6
29 58 48
69 0 52
72 48 89
98 33 8
99 68 27
40 47 25
50 54 76
58 30 61
91 87 50
35 55 12
77 11 80
4 7 64
58 20 96
15 32 51
79 34 93
42 46 58
11 81 64
53 70 80
15 92 65
91 89 96
3 50 1
30 95 31
60 9 35
51 82 61
72 71 77
27 23 69
0 57 16
18 51 6
15 54 75
7 16 29
78 5 66
36 88 13
38 80 2
19 82 78
29 5 50
53 76 16
92 97 17
31 76 22
66 59 55
50 11 6
26 41 11
29 77 75
41 17 91
17 86 56
70 47 22
94 64 17
78 97 5
77 53 54
20 96 66
82 38 40
81 28 51
88 29 62
68 15 45
47 12 94
99 30 13
47 90 50
51 83 3
69 6 81
88 10 85
83 39 89
56 67 24
26 79 15
16 82 95
65 25 9
90 19 45
21 7 54
43 86 31
11 97 21
38 3 61
66 37 44
94 48 13
52 57 11
70 43 29
54 22 46
90 43 30
16 55 77
23 14 90
36 67 52
56 44 13
35 50 31
41 0 15
5 93 9
76 73 77
78 93 48
14 9 53
53 78 38
35 23 13
91 83 70
33 25 31
21 68 5
49 43 88
65 17 46
12 66 37
41 44 94
80 86 37
62 45 84
77 43 22
49 12 100
48 43 63
52 54 14
55 10 80
60 38 52
51 71 42
66 43 65
81 51 47
43 60 99
9 5 3
61 91 88
46 19 59
53 33 8
56 26 85
83 33 28
51 84 97
61 66 31
63 32 31
11 74 50
5 90 60
23 77 43
52 88 11
89 57 58
47 25 18
66 28 57
49 31 91
85 22 46
98 42 60
53 97 65
68 87 55
39 13 54
56 63 88
25 80 41
18 45 37
3 37 29
