200 3999
130 170 21
26 113 53
3 131 85
59 78 7
90 199 42
90 188 71
2 188 57
52 59 49
77 94 23
81 197 8
173 191 44
24 89 44
40 71 45
39 54 7
122 162 69
52 162 9
12 153 81
103 122 79
71 181 88
27 92 100
3 91 11
33 128 67
10 180 33
113 133 95
32 123 95
83 89 8
37 180 95
45 154 100
147 181 93
183 187 41
39 46 84
147 172 59
2 60 65
42 105 38
83 129 17
116 191 4
97 185 64
15 176 80
12 182 75
88 90 19
90 139 63
38 103 43
38 113 82
72 172 12
27 33 76
78 196 19
88 145 17
118 121 22
118 160 29
59 189 25
31 101 82
6 23 91
21 66 72
10 153 1
133 194 25
22 72 56
16 98 75
40 45 59
25 79 8
52 156 56
77 129 45
19 56 99
137 196 7
130 191 1
11 48 55
4 181 75
7 116 31
65 126 89
47 172 61
118 157 97
105 190 20
21 72 95
118 179 66
123 189 11
111 150 13
96 141 35
92 158 99
133 183 34
146 170 59
21 133 37
35 113 12
73 191 68
5 163 34
107 185 49
84 150 80
8 199 95
17 78 55
29 42 89
66 191 79
4 196 87
163 186 44
69 135 97
56 81 78
66 97 19
29 104 5
50 155 11
8 67 91
154 175 77
118 165 74
68 139 9
67 145 33
128 169 75
111 115 35
84 163 18
1 31 38
8 121 100
45 102 93
104 146 75
21 155 68
14 23 36
72 153 89
11 142 2
39 114 60
14 22 38
55 81 12
156 165 17
12 64 33
57 166 12
58 67 77
169 191 27
10 70 34
62 156 60
142 168 79
19 169 86
9 125 7
115 176 81
52 177 8
46 59 26
23 66 66
79 174 94
94 106 16
59 167 92
33 177 39
124 128 2
36 51 98
66 198 72
29 150 99
151 181 53
72 148 41
33 131 8
138 173 19
54 152 35
24 84 78
38 85 55
38 76 4
47 164 50
92 121 2
71 151 52
128 172 84
49 167 51
119 178 48
70 165 44
172 179 21
35 176 1
27 116 46
61 119 20
107 143 4
7 127 91
25 50 44
66 134 76
2 174 29
80 113 94
55 134 55
140 171 43
87 192 20
31 63 69
42 166 66
0 103 27
19 20 24
8 165 57
44 90 26
24 99 72
158 195 6
9 38 75
24 61 17
94 165 97
144 187 11
49 165 71
8 117 56
16 179 18
15 96 76
50 179 43
32 171 13
111 164 87
33 72 60
29 78 46
138 145 71
82 93 11
134 155 62
75 186 79
94 129 59
145 190 92
13 14 54
137 145 8
11 26 66
67 117 76
76 155 5
45 61 65
105 161 26
58 131 69
113 139 25
51 123 89
161 168 98
52 88 97
12 181 13
4 165 85
115 151 59
56 110 6
136 184 35
84 130 49
11 67 32
25 32 67
1 151 34
39 154 86
29 154 100
21 67 40
133 193 74
69 145 31
6 66 42
41 186 90
1 57 60
75 82 6
91 109 67
103 127 21
52 115 23
40 152 92
15 107 50
8 146 95
43 84 7
87 148 43
134 165 74
21 106 70
148 185 94
61 104 36
46 199 18
52 181 23
42 80 39
38 101 8
68 78 82
169 175 27
13 124 95
50 75 96
49 125 23
102 188 80
43 150 68
19 58 62
90 112 66
7 35 93
27 85 48
69 130 15
32 156 50
123 162 46
37 123 30
14 19 26
101 120 78
151 184 34
33 141 93
12 35 28
57 141 39
12 45 45
21 190 89
20 45 85
107 142 5
29 123 89
61 103 46
39 183 68
43 115 25
155 168 96
134 181 55
73 131 88
36 67 59
6 77 4
7 183 82
75 112 20
92 126 82
4 175 56
177 195 16
0 132 85
95 139 43
125 185 2
32 74 64
41 153 17
70 123 62
60 85 28
12 164 59
95 193 100
88 159 41
47 117 2
1 27 46
10 46 36
107 158 50
13 55 43
30 56 31
71 140 31
48 113 92
118 124 65
41 101 51
15 16 80
141 160 57
56 183 73
35 124 100
118 196 51
88 181 80
110 165 50
93 182 1
5 20 53
17 169 10
74 91 13
169 196 33
29 113 5
27 142 74
12 27 52
17 160 33
12 25 90
109 186 11
56 113 26
152 175 66
8 104 92
79 110 48
51 112 68
8 99 89
131 194 92
12 23 88
63 109 86
50 80 53
43 107 60
53 186 41
151 191 51
1 101 9
28 74 74
57 116 87
33 147 75
58 88 91
70 112 39
13 77 15
64 69 5
32 199 71
45 108 47
79 90 93
12 177 52
45 70 71
112 196 69
91 140 80
100 109 30
47 181 29
50 173 18
35 81 72
48 126 88
72 98 40
38 137 19
40 191 38
180 185 36
43 113 12
106 176 30
3 130 98
66 95 59
72 125 100
86 98 91
129 135 37
62 185 36
144 154 82
103 117 20
10 20 15
115 193 21
9 144 28
135 185 58
130 178 78
123 154 98
52 180 2
47 90 6
22 153 53
13 180 31
74 112 85
45 175 53
112 142 92
100 143 17
173 178 4
158 180 44
5 6 53
12 82 100
42 190 6
47 137 96
112 117 25
2 88 67
56 130 29
18 51 11
0 191 11
125 155 27
22 174 51
132 150 59
147 167 40
44 120 83
158 199 61
31 100 33
121 195 77
113 116 82
12 198 37
137 164 91
41 130 2
47 132 49
1 171 98
69 159 32
20 158 20
29 36 72
60 138 47
87 151 76
65 140 6
97 199 12
108 140 23
32 128 82
31 193 78
20 174 67
108 149 10
58 61 99
20 133 89
42 159 85
62 162 23
187 192 69
87 162 43
46 118 35
135 142 38
78 90 75
94 193 20
80 121 46
24 107 73
123 137 63
93 115 3
102 198 77
162 179 83
53 141 61
103 190 95
116 143 47
52 142 8
99 128 53
34 80 27
101 175 68
162 195 56
21 34 45
75 104 35
53 126 37
49 76 81
29 98 85
58 106 83
54 134 96
69 193 77
18 129 86
26 196 69
160 183 84
27 178 24
60 195 32
113 197 51
108 115 59
111 133 13
22 44 10
34 39 90
57 123 76
75 94 66
92 95 27
123 198 67
146 177 37
15 139 84
66 145 27
43 109 74
111 131 32
102 196 62
7 189 39
90 103 7
108 191 70
26 160 30
31 113 98
132 163 12
38 71 70
178 182 13
20 190 45
69 117 93
37 158 68
7 46 42
9 199 69
60 66 69
3 48 85
58 83 5
103 165 13
36 62 65
166 185 10
54 136 64
105 144 3
84 197 50
185 196 42
115 188 84
61 168 6
117 171 74
145 199 4
46 70 17
78 108 34
74 106 85
68 194 82
8 54 80
63 125 34
63 145 16
11 20 48
161 187 16
43 78 49
89 119 51
65 73 38
98 104 74
94 197 29
109 148 64
42 186 91
12 119 94
6 176 37
155 195 89
73 164 20
25 73 81
151 173 19
95 127 19
122 190 95
163 189 79
63 129 60
48 188 19
62 126 56
65 186 26
67 172 51
6 101 16
81 83 90
153 189 98
87 146 25
57 168 26
114 123 24
80 137 11
28 68 86
142 145 96
13 140 20
51 81 54
7 181 13
97 130 65
100 132 45
163 199 56
75 142 22
166 194 66
26 82 92
5 30 26
136 171 2
119 155 95
47 87 67
98 164 45
67 126 1
20 94 42
149 171 76
87 123 94
133 191 37
46 104 72
21 65 68
66 131 78
79 151 97
51 170 65
16 111 78
95 166 87
11 36 6
100 128 34
7 69 43
51 179 35
120 127 96
40 55 45
37 189 97
26 60 100
34 83 88
50 64 6
123 138 53
65 192 51
177 184 33
148 166 83
99 174 50
41 65 79
10 107 77
44 151 13
18 192 52
57 184 12
129 196 78
90 167 20
56 99 87
51 116 97
125 196 99
34 166 11
64 153 48
23 130 84
25 106 67
41 185 68
124 186 74
69 126 7
73 172 60
83 181 23
61 91 92
22 176 49
108 119 94
88 106 94
159 169 37
158 177 98
81 112 60
4 137 65
98 111 76
20 139 3
112 145 60
15 108 34
116 135 92
59 127 43
90 187 12
101 180 21
62 164 32
49 78 27
48 178 85
33 190 97
85 149 70
60 62 63
0 67 58
32 122 99
11 12 32
34 128 33
128 142 26
112 168 63
54 103 41
8 188 85
187 194 58
100 184 14
48 173 50
103 123 13
99 110 61
55 69 62
162 189 15
102 125 67
28 154 7
79 195 78
128 131 12
30 54 86
79 143 95
36 87 30
109 138 10
166 191 98
26 111 38
19 170 88
31 171 48
62 159 10
103 112 44
113 180 81
56 84 39
158 163 77
47 73 16
4 193 92
109 198 82
58 75 21
19 79 55
130 174 10
142 161 48
106 114 73
42 179 98
181 191 58
11 134 38
6 115 86
102 121 80
10 84 69
1 58 69
162 180 78
20 71 53
53 129 75
51 91 1
10 169 10
8 57 38
121 171 9
7 146 13
11 37 76
53 146 91
33 136 65
75 88 17
18 114 69
103 133 76
142 185 60
37 60 92
16 117 12
86 177 83
8 137 87
1 3 100
69 100 2
70 182 1
102 177 50
158 167 30
3 84 67
46 131 24
119 132 11
143 190 63
16 134 65
74 141 45
32 84 10
36 143 4
25 58 24
87 134 13
0 116 68
24 51 32
4 41 44
27 160 72
11 70 21
156 185 71
0 36 27
163 185 15
80 181 3
19 85 74
64 88 33
24 55 92
78 106 20
30 131 6
10 74 34
32 107 41
133 169 25
122 165 77
86 116 10
3 7 91
75 133 26
22 88 44
145 179 97
64 94 77
179 197 19
4 194 65
10 13 100
19 30 68
6 71 45
48 165 54
155 186 34
34 189 41
54 77 100
145 188 52
39 124 16
18 121 20
51 164 78
10 52 88
36 84 4
61 189 50
30 138 11
77 144 1
58 62 65
155 164 33
6 72 44
75 166 30
41 162 14
30 61 80
81 177 11
162 187 23
147 165 92
42 142 24
60 152 87
7 113 46
13 87 93
2 119 89
25 81 85
112 141 48
75 161 76
7 16 95
153 184 47
28 172 12
149 187 100
92 156 39
86 88 91
129 146 60
60 161 43
57 108 33
21 84 90
56 66 93
106 147 63
170 179 76
3 53 37
94 95 40
133 161 56
15 52 16
124 131 24
52 66 25
80 167 55
18 52 38
89 94 40
135 177 70
58 176 78
117 154 32
86 150 57
110 162 41
52 173 82
94 132 65
137 158 99
117 155 49
7 52 26
112 127 13
115 136 70
125 183 64
4 148 27
163 184 3
179 181 51
181 195 14
33 172 87
9 116 16
82 128 36
146 160 20
38 167 74
89 134 11
158 176 38
61 94 15
8 25 90
0 118 96
58 144 28
100 139 86
114 165 33
86 173 30
76 174 33
106 193 21
3 68 78
107 144 48
126 148 76
0 42 86
71 80 5
69 87 57
38 144 15
68 179 32
3 92 41
0 135 77
74 120 34
30 86 98
38 128 39
70 152 43
20 183 70
102 117 7
35 125 49
10 63 19
101 193 34
118 153 16
108 162 47
32 136 6
70 192 95
52 145 15
111 186 34
149 175 93
42 106 11
33 44 81
8 183 30
30 52 70
45 94 58
55 121 45
171 177 97
52 158 30
69 189 38
43 69 44
20 159 47
33 68 77
138 181 97
118 138 61
45 149 18
83 172 74
25 26 40
190 195 76
8 168 66
87 115 94
31 102 54
26 109 63
9 71 86
164 193 55
43 133 63
8 130 49
141 153 32
42 133 47
69 169 46
43 60 31
7 171 52
33 130 33
2 176 59
5 21 51
24 150 100
23 141 4
66 153 2
65 113 57
42 154 16
123 166 23
23 83 44
15 19 99
124 148 99
6 86 2
46 51 5
27 151 25
1 149 57
46 187 93
74 89 35
21 37 84
44 141 70
97 121 90
108 160 97
112 170 49
39 194 64
80 163 87
27 120 94
124 170 49
22 197 8
156 170 36
28 105 77
104 188 91
35 133 68
2 68 34
173 177 94
63 199 1
42 66 97
121 124 51
92 102 9
85 88 66
97 103 71
54 145 21
33 75 73
5 29 58
52 125 82
50 117 84
7 72 24
38 39 93
37 92 66
1 23 71
26 45 99
30 173 99
167 188 75
42 137 75
75 96 24
150 157 90
51 135 5
102 190 84
26 144 9
23 69 79
32 106 23
48 151 51
65 129 45
184 192 52
107 176 92
6 180 8
71 73 41
157 170 95
73 127 82
7 110 28
1 137 33
64 135 30
66 163 90
167 179 100
35 167 22
123 149 42
3 175 21
1 134 64
54 161 77
119 145 43
75 137 61
11 118 70
30 59 56
27 144 55
35 42 50
50 144 42
130 144 21
20 95 43
152 198 55
78 166 20
73 139 99
96 112 43
47 135 96
30 183 56
64 172 78
37 194 46
167 169 6
129 145 36
20 28 68
6 34 23
130 142 19
107 162 44
43 90 33
8 179 11
115 162 60
175 187 40
126 157 28
27 123 29
148 168 96
57 172 84
55 83 57
5 56 73
31 57 44
7 24 67
125 160 54
136 180 28
26 147 68
6 171 53
34 170 47
36 172 26
27 68 68
150 151 76
58 193 5
13 102 27
2 134 58
2 101 62
42 164 59
103 189 90
57 122 61
5 18 64
59 75 40
129 178 82
1 80 9
137 150 18
75 170 8
139 161 62
45 141 39
84 90 94
108 133 9
39 76 28
28 61 30
38 145 24
64 79 9
105 178 80
2 120 62
154 195 52
134 196 5
41 134 26
53 84 7
56 129 25
9 26 33
117 135 71
106 150 94
27 189 44
57 189 59
44 170 76
4 91 86
90 114 42
88 199 41
24 102 79
16 90 81
32 97 86
45 173 41
1 13 63
24 37 76
106 108 79
47 92 80
15 86 83
28 103 86
54 140 38
37 134 30
42 126 41
60 80 19
82 153 59
18 157 99
102 185 17
123 143 100
78 99 76
163 181 5
25 35 71
43 195 84
56 120 22
90 184 35
55 122 24
109 155 73
124 144 81
148 198 37
52 164 49
95 150 56
7 28 9
34 193 88
143 168 60
101 105 76
26 80 26
12 172 82
47 190 26
17 113 84
28 120 24
40 140 83
117 172 13
56 60 12
120 153 75
182 191 80
84 128 8
20 93 45
16 139 76
9 112 82
79 116 48
47 97 50
87 168 60
34 111 8
126 188 13
80 158 83
21 147 5
2 195 68
82 150 55
54 111 9
18 67 94
79 138 80
22 128 47
39 149 44
94 148 92
124 165 68
38 197 14
44 71 78
127 133 97
119 194 86
112 113 66
33 83 18
153 179 93
61 170 7
132 191 5
8 155 44
24 67 40
90 159 54
67 104 12
6 118 7
36 148 10
46 170 94
59 196 5
168 186 72
95 157 46
151 164 89
57 179 17
73 199 23
45 144 63
36 152 22
27 132 2
79 109 30
59 156 6
160 173 13
39 70 81
104 165 22
7 120 22
4 151 77
101 159 14
135 172 95
4 98 72
126 172 13
12 54 88
55 185 75
2 95 22
135 156 2
52 153 81
82 91 42
88 170 55
36 174 24
29 94 41
61 117 14
76 159 83
13 198 98
9 52 29
104 122 2
146 199 9
51 151 4
14 86 21
29 161 4
11 98 11
105 180 76
34 37 9
138 190 50
98 155 91
39 128 6
151 172 35
184 198 28
86 92 38
20 56 81
18 127 44
16 186 34
12 121 96
20 123 99
59 198 40
48 89 93
18 25 32
29 167 52
32 135 33
3 43 43
73 126 14
72 161 72
66 90 87
2 182 6
34 145 76
74 97 37
86 110 79
128 134 58
15 130 51
138 174 9
67 180 75
136 178 57
26 174 42
62 111 52
24 97 82
65 79 62
70 185 68
56 79 59
46 184 15
4 153 68
10 168 98
51 66 40
101 171 8
17 47 83
97 145 38
5 104 8
83 187 32
28 65 94
25 117 88
32 187 35
150 190 37
87 197 27
110 171 39
101 144 72
136 179 66
89 194 91
116 152 60
19 130 28
135 166 1
12 88 24
68 94 81
12 140 78
70 95 88
167 170 38
42 194 100
28 79 92
3 81 71
24 85 81
2 110 81
18 178 68
82 163 95
89 191 30
19 118 16
96 98 84
24 92 90
14 191 19
3 94 58
50 70 35
64 147 71
13 194 78
172 199 44
15 117 70
29 54 92
78 132 41
118 125 24
129 186 62
27 184 61
48 51 19
10 35 100
45 67 66
55 93 75
94 162 13
126 162 2
58 163 76
75 163 98
106 111 9
34 61 55
25 141 75
34 188 20
38 143 60
71 136 27
31 60 83
68 182 100
11 54 65
62 183 55
46 96 79
55 103 62
94 133 81
161 190 27
140 164 34
50 129 92
120 177 71
131 174 89
37 122 99
92 94 96
40 64 11
143 192 49
84 181 65
161 169 27
4 134 28
17 54 14
123 181 30
47 111 57
49 94 59
167 181 51
100 176 58
10 123 36
33 82 5
18 162 2
61 88 93
32 150 98
85 128 88
129 162 94
72 126 84
7 89 57
1 103 15
10 164 91
72 79 98
77 154 85
64 84 5
127 198 18
67 171 89
34 113 34
7 93 11
119 134 56
98 118 35
10 11 94
47 148 92
18 117 23
184 197 11
26 146 79
72 86 63
59 113 16
27 55 90
7 122 69
121 135 81
64 76 68
83 98 15
141 178 20
125 143 98
47 49 55
54 72 21
15 84 13
6 114 77
60 74 24
38 192 4
99 121 53
26 132 83
5 126 11
92 144 41
130 184 17
46 68 83
64 155 7
108 154 31
71 79 78
53 102 66
14 153 78
42 192 90
11 105 99
44 59 85
81 126 70
70 136 33
73 86 87
2 76 25
42 53 44
9 39 63
29 80 8
37 97 62
10 149 58
165 199 83
92 136 86
17 163 34
14 34 27
139 155 18
142 148 52
56 127 61
148 192 16
14 35 65
74 196 75
78 113 65
166 187 74
55 173 97
27 118 40
13 158 83
38 70 43
124 126 85
59 100 48
4 51 49
17 184 68
37 98 19
18 73 100
47 127 49
38 158 40
51 181 26
44 46 38
38 93 98
57 139 76
110 164 46
172 185 8
1 6 81
53 188 40
150 177 25
46 56 72
4 97 66
49 175 24
32 82 2
154 186 24
31 62 85
150 192 92
73 190 26
5 42 24
3 154 50
64 75 69
52 131 36
26 70 86
40 86 48
9 138 43
91 113 70
103 142 17
6 108 9
173 180 74
13 49 41
157 158 8
104 111 53
16 92 41
131 136 6
116 154 56
49 110 97
22 166 54
14 127 86
97 124 41
49 89 19
66 182 23
46 179 63
152 177 39
85 130 68
40 89 1
78 190 85
163 174 26
100 150 96
14 43 19
54 128 37
172 198 31
82 185 98
78 188 56
49 80 33
38 151 23
78 139 94
28 102 21
94 123 43
119 144 60
92 133 9
69 183 55
112 165 52
21 63 65
158 194 78
3 146 10
7 143 62
106 116 16
68 107 11
19 24 83
33 140 65
44 139 74
74 172 27
55 68 25
156 168 64
106 180 5
35 62 15
82 197 24
171 175 89
160 192 25
1 197 49
71 89 49
67 80 52
22 87 22
26 128 7
91 131 39
38 142 72
50 161 21
62 89 60
29 46 74
77 90 86
32 80 30
116 175 32
28 49 54
185 195 84
128 174 64
89 179 99
168 192 34
124 134 91
29 171 41
39 45 62
34 121 68
128 156 56
91 93 14
2 19 45
44 57 19
25 122 26
95 151 76
93 184 77
75 183 81
41 42 2
6 160 8
156 196 15
104 180 35
23 165 31
8 55 93
5 45 11
18 128 48
25 45 43
36 139 54
96 103 94
132 133 75
80 186 4
100 182 61
43 131 14
111 182 59
139 173 55
18 112 65
179 196 95
9 153 68
51 139 83
4 22 46
11 197 93
65 98 66
42 141 36
96 97 30
9 16 41
92 142 54
86 112 62
38 131 40
87 163 98
52 150 15
13 190 85
16 51 76
4 102 71
10 188 7
24 145 4
59 192 4
148 163 48
17 159 8
18 71 47
55 105 81
43 123 17
49 75 91
69 150 6
21 163 42
1 166 84
114 198 18
13 164 23
71 119 70
40 41 5
11 148 43
11 85 46
98 182 79
19 198 48
170 177 92
95 146 88
6 135 70
5 165 24
156 187 3
75 95 80
23 142 63
29 158 26
0 154 30
109 128 89
9 95 35
2 70 62
101 146 88
36 199 76
150 198 28
84 89 86
8 79 97
90 144 95
40 65 79
107 118 43
112 147 46
75 78 52
0 160 23
89 96 73
83 195 63
100 141 5
94 198 20
139 163 67
81 150 40
40 62 53
144 183 85
82 170 20
17 174 50
13 65 71
32 138 48
26 124 37
129 168 15
0 123 48
36 115 32
69 76 57
47 157 87
88 173 86
150 152 39
88 133 63
52 78 31
125 178 25
36 52 75
12 127 74
124 199 19
32 117 47
53 97 73
28 195 27
59 76 78
145 161 83
67 73 67
43 98 59
143 195 12
77 175 73
153 156 67
107 189 65
24 164 65
7 131 91
97 116 50
39 175 46
65 127 48
25 148 31
23 64 21
36 41 100
64 157 55
55 109 44
1 38 90
33 145 74
116 180 1
66 126 71
30 33 59
149 154 18
129 190 52
72 190 69
122 160 11
81 107 14
16 57 47
55 123 6
86 194 93
11 159 66
153 188 70
35 129 79
26 40 11
57 72 35
46 157 30
6 189 100
83 91 33
78 96 61
4 66 98
34 105 80
184 185 90
7 77 69
31 162 100
16 67 53
162 169 19
1 92 41
16 137 46
5 15 6
81 102 8
136 191 63
0 33 24
119 147 21
116 133 46
25 121 80
34 56 37
128 161 98
9 87 43
92 155 57
16 180 3
144 166 42
13 78 38
110 189 76
85 107 92
4 39 59
82 112 58
124 184 50
66 192 83
144 167 61
80 196 23
62 188 21
109 134 10
36 69 24
149 156 57
83 112 65
56 147 62
60 104 75
100 142 24
15 178 37
173 184 7
3 30 99
24 126 91
59 120 89
89 112 86
83 190 27
16 181 71
94 138 28
135 153 35
134 140 65
100 188 37
54 56 1
154 188 45
10 112 57
37 117 74
30 57 55
65 68 56
88 164 2
173 193 42
43 122 26
15 138 65
159 174 89
68 121 39
5 49 19
18 26 58
13 38 52
43 169 37
52 126 78
35 194 22
171 199 24
82 161 87
7 91 24
11 156 18
58 76 60
32 188 27
108 151 41
83 154 80
106 123 49
74 177 47
60 109 98
117 174 30
159 195 25
20 136 22
165 168 100
88 99 57
2 180 51
57 133 60
12 134 49
98 171 56
8 91 95
160 169 31
135 151 21
1 96 81
71 196 64
12 109 19
147 187 86
67 192 70
78 82 1
15 62 43
99 140 52
37 59 42
44 143 52
50 51 80
11 41 18
26 89 71
29 90 45
52 155 30
2 183 81
110 191 74
17 93 22
115 142 42
95 180 76
49 188 19
6 73 82
70 119 79
33 168 69
6 43 54
58 189 82
19 48 6
73 137 17
96 143 73
185 190 87
79 192 78
50 134 16
28 89 48
1 11 78
69 114 82
32 184 100
149 150 85
15 141 60
22 79 39
31 198 24
34 40 4
23 93 60
49 166 31
20 182 65
76 114 19
82 144 71
97 142 100
41 126 32
70 147 77
22 65 42
9 183 24
74 171 56
45 91 71
89 181 36
176 179 56
129 189 48
132 159 58
116 122 90
176 197 21
34 163 13
60 158 97
63 107 91
157 180 89
65 95 19
23 97 62
62 103 56
60 169 84
95 163 59
0 2 68
58 158 58
3 168 51
80 180 59
23 147 29
109 131 51
47 195 83
12 141 92
33 120 17
64 83 69
122 169 71
96 152 43
53 77 36
135 139 9
149 173 32
20 37 78
52 152 70
20 114 59
137 175 14
53 181 86
103 129 24
182 190 11
182 195 68
34 149 90
50 74 41
0 108 79
138 179 66
66 67 100
120 184 54
91 154 66
5 151 69
86 131 66
26 54 90
138 144 8
98 133 90
33 112 24
21 101 42
27 185 40
59 85 90
27 100 84
132 146 27
56 89 92
144 170 63
13 143 12
30 181 34
16 68 3
24 108 76
88 197 78
107 164 2
66 143 45
24 46 85
113 174 57
53 193 58
137 174 61
45 150 24
24 32 55
111 198 13
75 97 6
151 167 50
110 142 2
74 127 48
115 167 6
195 196 100
80 108 36
60 92 18
124 197 79
143 194 28
78 182 84
67 133 56
17 30 83
159 172 51
40 128 87
35 86 98
126 190 12
52 189 86
60 97 47
11 195 55
109 151 24
34 199 43
15 63 83
89 187 60
142 174 100
0 145 12
72 155 64
27 39 73
138 162 81
52 96 10
54 126 7
93 101 47
71 186 58
0 131 52
67 156 63
129 164 25
98 110 98
133 150 64
23 196 8
38 146 93
17 35 29
74 79 10
6 148 90
22 61 97
62 177 36
8 142 10
62 152 65
37 73 1
59 128 10
109 194 10
183 195 91
44 108 24
0 73 79
48 176 73
59 95 77
20 132 27
115 138 65
93 161 61
157 194 1
92 176 67
115 164 13
25 181 25
40 112 42
68 146 27
24 160 17
60 117 22
38 195 55
90 142 79
171 186 12
70 115 92
17 121 55
127 192 30
1 74 21
19 193 85
110 143 5
4 73 1
100 190 52
58 118 64
23 131 55
8 44 84
27 47 92
88 92 61
34 93 55
109 147 13
5 34 61
29 190 88
54 64 100
97 188 12
126 154 18
83 108 54
38 42 32
49 174 10
80 136 7
54 188 85
83 120 95
38 191 21
6 172 36
89 114 35
127 189 15
75 144 74
23 148 17
88 174 100
54 78 4
29 97 94
85 122 22
38 82 48
93 112 90
49 102 23
87 111 63
25 115 57
17 34 83
107 182 82
140 198 6
25 199 87
24 174 22
107 184 81
63 133 40
175 186 49
6 185 43
25 82 90
139 190 29
112 157 8
54 146 16
93 174 16
52 109 8
22 115 81
4 23 27
75 106 37
66 183 100
27 172 6
43 73 63
53 161 64
119 151 61
28 162 49
34 139 59
81 169 59
49 185 20
9 110 83
131 195 28
4 168 88
73 170 23
125 141 20
57 104 1
152 182 100
21 187 58
40 126 31
21 110 44
6 36 6
14 80 41
28 37 86
9 161 100
20 79 75
1 147 46
151 162 69
61 115 20
36 137 17
134 173 67
56 123 81
57 136 11
134 188 96
138 186 56
83 166 9
73 88 10
69 90 31
1 195 74
107 154 10
42 198 42
27 53 31
106 160 25
120 191 82
37 63 63
5 124 50
20 103 10
40 147 53
89 137 50
60 148 43
9 118 75
122 198 62
83 86 44
139 195 87
52 172 81
7 83 33
12 81 43
146 189 25
87 185 65
49 107 10
23 46 53
177 183 9
16 105 29
29 101 56
89 103 89
53 169 99
86 102 73
104 175 88
5 107 83
96 99 66
40 193 10
30 69 41
61 178 87
4 6 42
14 90 91
134 172 70
85 173 85
59 136 52
36 39 79
66 108 16
32 180 16
22 59 71
104 167 10
18 41 45
9 60 4
99 154 24
102 144 53
64 151 8
5 99 70
88 149 32
116 188 90
43 81 71
80 83 100
26 185 19
5 84 56
113 198 36
36 195 15
9 139 17
19 180 21
10 199 15
5 191 59
27 58 6
34 115 16
28 56 74
42 48 41
9 55 26
52 187 54
14 198 8
6 102 19
59 74 5
61 155 71
12 154 45
48 171 92
5 138 100
66 139 78
140 148 53
16 176 9
37 87 67
74 83 63
61 145 49
70 155 56
46 95 7
2 83 6
98 173 42
157 181 93
4 16 68
26 176 10
95 183 77
50 107 30
7 55 30
22 117 57
41 166 21
19 54 66
105 163 51
62 144 36
135 192 59
104 171 12
22 81 20
94 192 55
29 186 45
91 195 92
63 115 5
23 116 39
94 140 84
11 107 93
74 132 47
86 119 6
79 122 29
22 110 4
32 78 20
21 146 59
22 188 59
32 88 92
11 171 46
127 184 4
187 191 24
142 188 74
15 140 70
105 155 36
124 169 53
67 158 78
20 62 48
26 101 98
81 134 55
63 187 67
44 150 20
46 173 46
33 115 99
121 170 55
22 178 73
107 123 25
135 181 68
31 33 40
34 117 95
97 114 73
178 183 78
42 58 26
37 169 64
18 81 69
10 55 57
111 120 14
111 178 46
56 70 29
123 177 59
159 170 62
4 171 68
11 139 39
130 193 44
68 165 38
21 103 91
64 72 51
43 51 85
96 107 43
143 166 54
104 168 39
80 191 34
19 40 12
81 132 33
79 164 73
67 179 99
112 180 47
57 71 25
86 140 12
53 112 73
114 118 61
14 165 24
69 154 57
71 143 87
161 182 65
42 113 69
21 174 4
2 191 75
42 79 98
137 185 64
118 161 34
1 185 5
142 153 80
151 196 99
95 185 30
3 82 75
14 118 33
83 199 64
29 44 27
64 125 58
80 192 85
56 185 100
135 161 4
52 123 32
70 198 91
85 191 25
105 160 87
83 111 94
44 82 74
40 43 52
119 157 58
133 134 17
25 55 88
13 128 69
100 193 40
81 187 60
100 106 47
50 198 24
31 40 9
101 190 42
117 144 27
141 145 63
129 163 17
49 148 76
15 195 14
71 98 80
135 195 9
118 127 93
23 57 47
171 195 56
64 87 94
80 123 56
13 103 71
2 154 1
3 182 36
75 169 17
69 152 54
6 99 6
86 165 25
33 189 91
20 184 2
48 112 91
115 184 84
111 187 64
75 173 75
112 137 47
4 74 10
35 68 34
134 166 13
140 179 53
118 145 80
82 184 66
57 73 78
75 197 84
23 87 85
51 104 71
88 130 36
26 98 61
35 95 2
14 44 24
61 191 81
22 23 61
62 104 43
137 190 84
36 116 70
57 82 20
30 63 24
76 101 70
37 165 64
167 196 44
35 47 26
78 159 18
1 25 46
12 136 6
11 29 89
25 140 97
63 176 12
83 116 47
81 115 38
104 153 50
8 152 55
144 193 61
157 161 51
36 154 48
6 35 78
59 103 29
82 114 96
47 171 4
8 93 98
21 134 24
68 79 92
109 159 43
18 70 6
161 165 46
106 145 99
31 151 94
19 174 63
170 188 22
116 123 17
51 160 51
33 139 86
167 171 7
153 174 84
138 143 99
92 164 86
189 190 92
19 70 38
3 66 15
77 191 7
70 121 6
68 101 80
14 134 63
174 184 10
49 151 15
195 197 86
140 165 88
137 195 10
37 86 88
41 155 91
41 156 72
146 169 29
75 153 56
89 193 67
116 161 63
82 157 30
131 134 64
45 90 72
143 191 22
3 33 56
50 142 20
59 107 26
15 64 10
82 158 51
115 148 73
106 164 4
114 124 13
94 101 55
12 110 17
9 152 92
132 148 57
1 41 26
150 170 70
4 147 99
6 64 55
31 92 64
82 140 58
0 41 95
18 152 42
26 108 1
50 61 7
52 149 58
57 164 75
154 190 5
20 134 57
136 198 50
11 79 71
84 142 90
4 180 87
117 166 45
76 96 55
31 69 44
93 123 12
102 115 8
46 110 75
191 199 29
28 59 88
27 155 54
24 117 8
132 174 42
73 153 22
35 146 5
158 171 30
75 108 13
45 103 70
89 156 83
78 125 73
129 138 53
28 43 79
154 168 33
36 48 80
105 140 11
15 199 44
141 155 66
8 178 48
29 86 78
95 194 45
116 137 85
20 163 67
29 105 74
145 195 30
48 120 52
146 149 18
46 73 73
130 135 78
154 176 60
96 180 20
107 156 38
45 80 52
4 110 62
8 182 82
10 171 39
138 157 98
4 117 55
61 106 16
43 83 90
70 186 13
52 105 57
111 184 84
23 38 12
0 168 3
63 170 7
147 170 3
6 75 95
3 73 18
174 194 49
59 169 10
72 95 34
21 198 60
97 128 32
15 49 69
112 190 73
22 68 73
41 128 47
26 161 44
44 125 38
63 167 79
42 103 42
74 173 36
9 126 3
98 196 54
157 179 37
22 100 48
95 145 55
45 65 22
135 173 21
182 197 100
50 118 57
9 48 83
26 110 33
39 94 16
53 156 27
85 139 1
35 91 16
46 171 31
14 52 12
49 140 68
76 83 70
67 131 38
62 129 22
22 160 34
37 182 6
37 45 88
122 197 22
27 162 40
33 71 88
117 195 85
14 92 32
81 90 84
89 131 62
38 83 85
112 162 66
14 128 99
174 183 5
131 144 46
70 114 17
87 96 16
15 67 52
123 186 48
52 86 44
76 138 78
0 109 70
60 124 5
124 174 40
107 146 31
24 184 52
43 140 33
45 158 6
40 50 67
79 196 57
129 159 58
131 166 94
33 135 56
26 163 70
1 120 82
147 173 8
16 170 24
79 153 78
68 192 40
131 170 10
26 97 50
140 143 31
128 167 44
156 198 76
13 72 41
28 106 25
65 112 8
52 61 39
15 182 55
50 114 10
61 127 8
124 157 51
21 139 20
55 79 66
0 106 99
67 199 68
71 132 18
126 173 27
5 71 10
30 42 35
75 126 4
42 197 51
1 56 65
88 95 6
84 152 96
60 141 69
27 149 53
42 178 19
97 144 22
55 142 71
107 166 80
160 193 9
81 129 18
45 75 54
57 111 82
107 120 68
5 102 48
18 181 30
107 140 79
57 110 84
99 135 57
29 194 7
9 187 42
10 150 64
25 134 45
38 91 63
50 86 60
62 75 58
76 104 4
44 192 57
1 10 93
118 190 42
3 127 8
33 123 72
16 107 61
122 133 7
19 114 68
1 109 24
130 176 25
55 108 100
14 81 50
4 197 99
67 103 30
37 192 8
101 148 3
24 94 11
183 184 31
19 34 49
153 162 12
161 170 82
38 61 85
0 35 65
51 131 1
18 43 78
84 165 12
133 177 18
120 192 43
127 179 14
49 162 56
110 130 98
13 25 86
79 80 75
107 108 24
177 197 55
93 138 83
121 184 66
48 153 16
6 47 97
69 173 48
134 150 60
96 183 29
79 189 30
92 189 51
37 44 98
7 166 94
20 78 20
141 149 29
108 177 3
182 193 54
5 140 55
65 181 22
11 199 34
91 105 4
51 64 21
53 132 31
120 132 25
88 104 66
7 169 17
77 137 50
33 163 11
84 139 58
50 151 56
57 58 64
163 182 53
50 76 5
72 173 91
46 156 62
5 69 60
33 87 65
112 166 31
128 137 100
105 194 58
63 153 79
141 150 21
93 105 5
184 189 27
58 96 65
44 162 72
23 105 87
0 37 73
45 136 50
51 132 67
17 150 38
72 100 7
5 185 11
94 199 34
149 196 14
96 199 5
102 120 8
80 87 64
56 119 44
133 164 22
69 174 6
103 138 44
130 151 86
40 66 81
45 177 84
56 73 65
135 163 8
105 149 75
69 194 83
29 102 76
33 99 52
105 189 38
2 87 64
124 153 86
20 53 38
17 153 52
28 73 28
43 101 94
13 43 30
9 35 100
49 189 17
5 115 23
92 140 8
35 53 41
122 138 78
62 196 57
9 147 22
137 162 40
47 140 86
53 96 46
19 119 3
55 106 82
30 184 49
31 34 20
69 148 26
28 196 52
136 189 44
79 124 68
49 87 22
38 149 98
62 151 99
115 139 52
41 98 36
75 172 3
5 108 10
21 89 55
59 180 48
119 182 7
62 113 60
43 97 47
66 84 84
26 43 19
7 144 97
3 21 8
4 72 37
70 132 42
71 113 35
85 163 12
47 191 29
98 157 77
9 170 31
99 167 75
0 27 67
1 83 62
122 146 27
3 103 60
97 174 13
156 160 26
22 187 41
18 164 46
109 141 77
55 113 46
16 83 19
2 3 96
113 125 27
17 122 22
125 161 46
167 172 5
117 162 84
66 71 46
101 164 24
90 195 69
21 23 96
46 105 23
62 134 19
90 94 62
34 112 44
56 156 77
39 93 9
133 148 84
27 179 70
15 179 26
57 125 45
60 193 60
124 185 55
65 158 69
68 96 24
53 183 99
134 177 25
81 106 21
21 151 51
92 168 72
171 190 59
45 191 10
93 157 29
8 46 33
31 130 99
29 143 70
79 171 96
140 163 71
44 50 73
59 70 8
1 30 15
128 171 27
83 150 25
122 148 12
129 174 90
11 50 57
0 84 46
148 174 52
99 117 48
138 146 83
28 45 100
72 114 77
113 192 19
36 96 59
86 99 50
92 148 71
54 71 70
77 196 65
87 195 80
35 139 5
26 92 15
62 86 28
94 151 91
8 198 73
99 176 83
16 123 57
7 88 61
0 88 59
73 99 32
80 159 13
13 22 54
51 141 34
16 85 31
115 180 45
85 188 19
19 69 8
66 169 16
9 67 97
4 15 80
7 129 53
4 121 78
2 58 69
44 61 4
137 147 79
144 191 65
128 129 18
92 190 52
2 162 41
167 176 88
17 52 83
114 156 88
19 41 94
42 195 17
75 158 73
11 127 56
5 174 6
148 149 75
118 156 84
2 69 33
122 132 12
38 72 88
91 146 37
42 62 92
66 125 40
111 166 59
29 30 61
32 189 39
38 187 91
90 173 27
37 38 34
21 125 96
93 149 79
46 75 66
18 69 56
105 168 2
23 140 44
114 121 90
152 165 39
103 115 19
53 138 79
68 108 1
1 50 78
61 72 3
44 111 5
62 148 82
14 143 67
153 164 87
58 153 29
75 164 70
2 112 80
40 42 6
1 85 96
88 116 30
168 179 43
112 159 87
9 62 78
1 118 28
147 189 95
182 186 9
5 137 50
0 5 91
19 110 8
91 177 48
43 50 94
151 163 74
116 167 52
74 156 57
101 113 20
29 95 65
16 52 100
19 33 55
58 143 84
130 166 29
50 84 80
90 146 56
188 196 29
31 79 14
153 169 94
19 77 23
149 195 33
131 158 38
77 139 28
176 185 74
13 90 15
159 177 23
107 179 52
20 172 66
119 130 46
97 169 23
39 192 15
90 135 16
9 140 92
7 174 6
10 99 44
17 118 18
30 145 46
31 43 98
77 91 75
37 39 57
13 134 58
10 73 72
6 97 87
11 22 32
149 177 50
120 182 50
37 71 38
80 110 40
32 142 63
85 138 12
24 153 30
51 190 90
18 170 21
1 180 28
123 128 88
168 199 35
82 130 33
138 183 58
38 135 74
59 159 69
3 28 14
72 187 93
27 112 87
132 147 81
67 139 42
43 179 62
102 163 96
21 48 61
73 152 87
129 133 18
163 171 37
50 135 73
18 197 60
9 121 80
49 108 13
31 194 6
28 164 5
107 192 34
35 148 20
51 126 54
5 175 92
24 75 43
125 153 15
7 94 66
5 36 67
17 50 71
37 76 55
33 167 12
64 71 27
109 179 39
13 168 8
21 169 2
59 184 83
58 188 99
93 140 82
63 120 6
136 167 28
139 171 62
64 194 35
194 196 29
109 180 16
60 172 35
75 101 19
13 113 64
5 167 17
25 135 72
120 152 91
156 158 4
46 133 24
107 131 80
32 77 25
64 128 1
51 120 70
37 62 2
58 198 83
57 188 67
8 177 14
7 80 15
91 198 87
120 180 42
4 130 67
45 172 71
15 18 77
49 198 76
36 149 48
29 189 50
110 161 60
163 164 66
6 41 100
49 179 49
112 164 5
125 170 45
17 175 53
169 170 66
94 196 78
40 63 30
80 107 92
51 184 30
79 128 37
87 106 98
45 74 60
6 22 1
12 95 76
87 172 14
41 62 94
78 171 48
23 53 76
61 124 21
53 67 53
24 141 65
107 174 82
75 110 38
7 121 74
115 157 5
41 107 54
32 145 83
7 159 81
145 197 53
21 52 57
32 118 19
53 90 19
36 47 25
156 166 94
44 77 85
81 110 24
119 190 96
166 176 29
5 131 99
31 44 65
129 177 27
48 144 14
138 196 49
1 46 46
23 24 55
23 96 76
21 33 21
12 37 92
26 198 82
152 196 65
151 192 30
103 173 27
151 185 21
37 199 99
61 149 39
73 98 45
28 95 76
150 188 84
59 160 10
53 185 3
5 27 80
8 72 92
74 87 25
31 121 63
139 147 92
19 37 55
75 131 14
34 68 15
12 56 36
57 103 28
147 163 14
134 170 41
49 186 10
94 135 94
25 137 67
0 128 96
7 58 12
116 189 15
110 184 13
18 195 87
70 154 63
163 165 89
107 134 12
111 112 25
39 125 78
9 115 69
146 182 34
90 158 61
2 12 95
10 26 86
62 108 23
16 36 78
133 152 70
96 157 70
23 178 38
142 157 99
74 187 42
77 126 75
103 199 45
69 72 80
38 86 95
42 86 50
60 198 38
146 172 50
46 83 41
113 157 31
20 147 74
8 159 5
20 31 19
36 106 25
53 189 55
116 150 75
23 137 17
0 170 89
110 183 36
68 195 8
5 31 3
92 114 41
117 134 61
10 140 22
29 173 12
55 84 13
6 134 67
131 141 1
91 116 81
46 130 47
143 183 99
168 174 81
178 192 1
11 111 44
56 158 70
20 48 15
23 30 53
22 77 96
8 98 45
45 98 84
139 148 2
86 141 87
67 165 47
6 117 5
131 196 7
38 157 90
47 53 34
15 135 98
59 64 46
61 167 70
64 130 87
8 82 35
40 161 84
16 66 27
32 35 33
79 97 50
135 159 16
4 40 96
77 145 80
20 138 87
10 14 1
99 137 89
69 140 26
60 134 63
71 104 35
146 163 90
38 48 76
67 188 100
98 193 27
115 163 86
125 168 91
2 55 27
15 156 67
101 128 29
0 193 53
44 83 13
8 134 67
29 130 48
65 71 84
37 181 87
46 180 28
159 193 43
58 136 93
2 118 30
23 154 35
32 155 75
25 110 35
23 152 98
56 121 25
56 184 1
129 192 92
51 92 94
155 182 29
33 126 76
131 171 53
9 73 70
26 177 1
37 151 39
83 192 40
14 85 19
42 75 31
73 94 91
26 32 100
114 169 89
174 179 77
51 140 43
20 87 95
163 169 78
74 103 92
33 36 60
42 100 73
107 190 25
66 174 25
78 83 42
21 129 90
121 149 21
50 91 35
59 166 51
24 143 12
10 58 35
32 66 40
1 29 48
39 56 35
45 161 90
1 86 32
39 199 72
22 94 65
71 93 83
111 125 39
183 188 62
38 150 81
9 167 62
26 183 27
78 146 81
40 61 90
117 131 80
64 178 24
108 137 2
97 154 29
19 113 10
48 95 4
145 173 6
50 128 46
83 188 32
55 198 11
72 151 23
47 156 40
93 129 25
60 89 54
71 155 50
95 156 80
52 135 51
114 151 12
48 194 24
5 81 18
6 188 83
61 176 78
112 128 64
113 147 53
49 64 76
4 50 75
127 163 20
4 135 47
108 113 28
25 149 39
130 158 100
87 101 37
55 177 42
13 56 91
4 166 75
24 40 45
3 185 94
160 162 76
52 67 78
58 172 5
109 193 45
33 160 34
68 71 93
125 193 35
112 198 7
113 156 74
140 160 21
10 151 53
121 172 44
20 36 24
128 143 34
93 124 42
0 152 62
33 57 94
117 130 98
27 90 73
87 145 5
26 175 45
80 160 1
110 145 78
77 180 21
133 162 49
62 192 62
20 75 72
49 86 36
44 113 8
67 152 46
20 76 36
50 111 34
152 163 66
185 193 15
128 198 78
95 105 41
112 161 13
88 166 29
140 168 10
116 127 51
3 166 62
27 145 61
33 122 86
108 166 9
20 77 71
14 196 59
78 187 25
78 186 61
86 178 19
26 123 44
109 129 42
34 174 29
28 151 31
40 59 67
24 135 10
43 93 90
43 130 47
61 90 75
9 149 2
112 131 67
140 141 72
102 123 86
69 136 24
62 76 63
13 133 21
57 91 90
90 160 36
5 113 1
33 116 98
57 191 63
4 60 18
14 161 53
138 147 31
141 158 58
40 145 10
86 197 67
118 135 6
73 87 91
29 52 63
93 95 73
127 131 43
25 83 28
59 97 24
47 64 73
17 37 90
43 57 68
1 19 99
44 93 43
28 31 17
57 150 18
44 112 53
84 159 54
118 168 59
13 153 50
91 168 100
22 125 97
71 74 56
180 181 45
7 61 72
35 131 45
91 103 83
107 171 44
39 68 1
120 131 61
14 66 96
23 193 88
0 31 4
92 141 54
40 92 50
14 49 7
43 188 28
25 68 90
19 72 2
95 131 67
104 128 92
118 128 67
116 121 51
13 178 79
86 195 79
82 142 41
121 174 99
74 96 71
172 181 32
28 41 10
12 84 25
31 174 48
136 181 21
8 32 53
19 73 38
84 153 48
28 52 27
121 197 59
53 105 5
87 174 18
26 167 23
85 199 92
7 15 52
58 184 76
1 114 72
64 120 89
105 114 3
57 90 8
14 64 76
87 137 21
166 180 90
80 135 71
44 92 36
130 155 91
31 112 13
16 69 53
61 111 57
74 140 94
160 191 36
32 90 66
108 152 20
4 56 38
53 121 62
129 156 72
129 153 32
62 110 4
5 40 49
77 87 32
149 163 32
42 132 40
34 133 78
85 105 32
9 174 53
112 119 55
100 173 23
66 160 82
109 178 95
85 141 39
5 82 25
4 123 90
13 172 55
122 141 78
21 161 57
59 80 72
67 169 23
25 48 27
150 155 54
112 140 91
79 101 43
70 190 45
133 171 80
85 170 27
101 140 57
84 132 66
77 123 15
104 195 92
21 40 49
119 195 62
126 143 56
58 150 80
129 183 47
163 173 55
90 175 69
21 165 60
5 19 56
2 111 19
117 176 51
127 180 52
2 172 63
37 147 44
98 99 98
142 180 37
188 195 54
8 80 74
26 88 38
107 194 26
118 178 42
174 193 62
135 141 28
51 198 25
25 30 68
6 159 47
76 110 37
14 47 61
29 156 82
121 136 82
73 165 25
35 154 65
22 50 90
9 172 81
74 154 42
134 137 48
123 144 90
132 194 75
25 28 98
99 187 50
46 172 16
69 170 6
96 174 97
103 166 51
3 158 95
10 113 21
54 130 92
94 131 45
4 126 36
53 128 26
37 99 98
78 136 12
19 149 86
127 144 50
61 62 62
106 109 74
7 188 36
65 105 12
138 172 24
111 134 59
5 57 50
157 183 24
12 67 84
43 118 57
91 186 81
41 199 79
26 27 25
108 198 98
31 197 35
10 92 68
35 116 44
142 152 3
61 156 54
121 187 57
115 135 64
7 139 97
83 134 72
48 84 89
32 165 46
123 135 73
52 89 31
12 89 45
140 155 80
15 154 33
86 170 50
184 195 14
185 194 77
17 70 87
79 191 14
86 117 15
32 110 47
110 190 91
70 143 56
75 111 62
28 177 19
34 53 98
61 67 74
91 97 1
10 68 62
35 193 4
105 184 67
4 67 55
32 161 100
6 78 38
17 114 29
78 115 96
17 185 97
107 187 17
168 193 90
11 179 42
114 115 34
14 154 22
54 117 8
43 187 64
9 92 83
52 190 63
71 188 91
80 154 35
46 103 75
11 59 58
19 66 50
101 154 46
138 163 54
145 169 95
45 134 50
40 84 40
37 66 73
102 113 20
69 89 33
69 97 88
38 97 61
18 58 47
50 190 45
1 188 14
118 119 94
61 70 5
41 115 93
105 186 62
187 189 71
60 196 2
97 115 86
57 130 79
70 98 82
143 187 83
19 88 43
66 87 32
55 176 67
141 179 52
136 146 54
24 193 95
74 80 22
58 116 74
11 40 15
137 179 24
99 118 97
10 76 60
41 184 23
69 149 77
58 179 78
55 70 60
27 159 21
153 157 40
31 71 64
49 68 10
96 117 43
129 176 53
51 158 9
26 58 83
52 170 30
91 191 26
22 55 10
95 175 74
89 139 82
122 143 51
104 158 35
148 199 61
19 197 28
143 184 59
181 198 75
152 178 40
38 152 84
76 124 80
14 17 59
120 141 12
91 120 38
28 70 96
52 188 69
19 192 92
92 100 42
53 198 45
52 185 63
50 68 67
72 179 97
81 84 95
16 64 32
37 143 86
30 146 90
65 80 19
109 172 64
35 77 91
45 83 55
63 112 66
153 168 84
83 84 20
55 88 83
184 199 86
97 110 98
73 114 1
4 24 61
32 195 96
39 110 73
26 94 97
5 192 46
2 122 99
15 20 94
120 167 13
20 74 8
14 105 93
39 74 77
92 130 60
68 137 95
136 148 55
144 177 59
61 113 69
68 176 89
87 169 23
64 134 8
37 94 50
49 163 27
47 113 57
133 155 30
73 141 55
58 95 1
44 54 40
0 56 31
3 56 92
104 159 57
20 88 52
77 93 63
64 116 24
0 14 77
41 54 31
76 93 72
25 85 12
63 151 34
23 173 75
47 48 42
57 62 60
13 41 96
77 166 45
76 192 31
18 175 46
74 94 98
28 104 42
37 184 68
83 193 60
0 74 77
12 102 47
56 167 11
15 28 94
19 140 27
3 85 30
6 123 29
99 112 2
8 115 80
79 118 26
7 102 44
111 180 9
44 161 83
119 196 6
43 126 1
16 22 80
137 167 5
84 122 74
43 184 66
61 79 76
49 144 7
34 173 18
44 53 96
30 148 93
34 116 54
123 133 80
20 102 7
186 195 87
2 116 87
63 194 7
74 151 23
120 183 65
22 43 28
122 171 77
6 182 78
99 134 46
18 125 96
118 132 34
69 167 18
128 183 71
63 136 23
3 67 71
123 176 93
5 166 89
122 144 48
145 152 100
76 117 100
17 75 12
111 163 18
88 193 43
115 174 10
40 94 34
19 71 31
89 176 1
24 115 30
19 194 62
64 136 5
56 199 16
118 140 95
75 80 36
158 161 3
62 190 66
62 105 70
54 180 33
90 157 78
4 169 6
8 124 70
2 158 51
21 170 100
96 150 82
79 158 80
118 183 26
4 191 41
9 109 78
82 147 28
126 158 13
6 186 81
122 199 84
115 153 46
93 158 29
83 87 58
72 77 77
98 145 39
19 42 90
40 76 6
72 160 49
148 170 59
60 132 19
149 183 41
130 147 3
31 109 52
98 103 51
24 88 8
129 188 55
56 117 94
91 125 28
136 188 12
47 199 29
47 182 85
36 121 56
27 193 85
34 147 51
76 149 64
28 39 44
126 136 20
36 73 74
131 151 5
53 153 45
80 143 34
174 185 38
112 174 86
174 177 55
73 155 90
19 43 39
109 197 66
66 88 39
123 168 50
55 111 16
52 100 74
68 80 13
144 172 57
55 199 46
15 24 77
116 139 91
110 132 42
9 104 92
40 123 12
3 163 50
16 189 32
48 54 50
16 88 55
165 196 63
46 158 55
158 164 2
60 186 11
39 182 27
51 187 52
96 136 84
36 126 70
90 108 69
92 147 11
13 21 2
154 180 1
5 96 75
164 170 69
68 143 56
133 182 29
28 116 42
19 87 69
4 188 66
9 53 90
40 96 98
97 179 89
25 123 25
187 196 67
110 195 86
8 139 62
6 112 15
67 87 82
87 184 99
31 70 59
156 192 92
77 153 63
18 138 45
100 165 78
39 189 76
43 121 85
66 103 63
171 180 49
33 199 19
104 185 92
36 182 87
149 152 25
120 186 81
87 113 12
35 180 94
12 34 53
11 132 89
0 63 97
44 110 60
101 172 97
47 147 29
140 184 67
142 160 35
89 185 23
28 63 32
82 131 88
108 173 77
37 58 50
60 170 94
39 87 1
133 192 95
16 60 76
20 125 78
27 182 1
76 175 40
7 84 16
117 123 37
63 174 16
43 194 47
67 191 97
14 75 36
83 123 19
169 189 96
74 150 69
92 165 32
15 45 33
73 163 90
144 198 45
63 148 20
50 62 82
101 139 17
137 170 40
42 99 40
48 136 79
80 129 87
2 152 77
80 86 23
64 163 65
41 181 46
87 165 89
176 194 60
57 174 16
63 188 96
96 111 95
122 127 21
104 117 49
78 138 7
147 193 52
38 87 5
163 191 20
80 161 43
155 179 47
89 165 97
3 72 8
50 123 4
126 186 64
33 78 14
157 171 8
24 69 97
20 199 31
22 147 82
85 180 28
25 27 8
23 153 52
66 73 47
110 115 33
27 75 29
2 168 58
95 140 84
2 21 33
134 162 93
16 30 18
51 121 70
142 190 83
14 108 37
43 100 66
60 190 82
35 46 58
160 197 77
33 113 56
17 63 49
68 133 41
116 144 14
42 55 48
96 178 20
105 126 47
101 181 22
62 157 41
37 172 92
7 153 36
89 154 68
128 135 14
0 16 72
180 186 88
123 192 10
5 93 18
18 183 78
17 126 20
21 68 16
24 95 33
17 170 20
113 141 86
30 171 44
72 107 81
171 181 21
94 160 67
1 145 7
29 160 31
11 177 76
48 131 39
111 176 57
77 128 82
28 194 20
109 143 46
6 184 30
28 171 18
129 131 13
39 89 84
41 76 3
75 102 5
22 29 81
42 68 74
39 40 91
109 139 99
20 155 23
164 192 92
40 170 95
61 92 42
118 189 74
128 138 60
22 196 65
52 134 39
87 183 24
117 156 37
81 143 89
52 166 55
83 109 26
6 147 70
116 199 7
25 165 62
82 174 43
47 173 46
37 49 30
2 59 44
34 196 51
121 188 28
111 172 68
57 159 94
34 60 87
19 127 1
128 196 63
18 85 29
47 86 2
32 185 88
74 137 87
74 189 95
177 186 77
